25
0 0 49.07
0 1 32.566
0 2 71.329
0 3 0.835
0 4 68.248
0 5 91.377
0 6 54.386
0 7 52.481
0 8 40.904
0 9 84.367
0 10 92.457
0 11 28.735
0 12 96.527
0 13 52.72
0 14 65.759
0 15 85.071
0 16 10.521
0 17 96.533
0 18 31.69
0 19 41.106
0 20 16.584
0 21 0.2
0 22 32.528
0 23 53.056
0 24 26.107
1 0 73.134
1 1 0.64
1 2 11.253
1 3 65.386
1 4 60.296
1 5 74.993
1 6 35.35
1 7 16.936
1 8 68.504
1 9 48.303
1 10 28.591
1 11 91.296
1 12 17.351
1 13 72.288
1 14 53.729
1 15 13.376
1 16 98.247
1 17 70.717
1 18 52.672
1 19 81.513
1 20 3.759
1 21 84.227
1 22 76.249
1 23 49.489
1 24 61.436
2 0 19.902
2 1 28.85
2 2 0.191
2 3 7.542
2 4 20.858
2 5 59.01
2 6 7.635
2 7 54.197
2 8 29.834
2 9 45.777
2 10 84.534
2 11 66.209
2 12 76.832
2 13 53.81
2 14 20.006
2 15 80.84
2 16 46.742
2 17 47.873
2 18 94.255
2 19 72.305
2 20 14.896
2 21 31.973
2 22 20.925
2 23 11.864
2 24 45.572
3 0 52.769
3 1 74.472
3 2 37.078
3 3 52.381
3 4 55.027
3 5 26.29
3 6 50.691
3 7 90.374
3 8 43.896
3 9 5.434
3 10 18.939
3 11 31.395
3 12 10.664
3 13 41.312
3 14 89.903
3 15 51.576
3 16 14.226
3 17 3.578
3 18 77.68
3 19 31.348
3 20 59.01
3 21 36.22
3 22 96.334
3 23 24.912
3 24 51.107
4 0 7.567
4 1 1.428
4 2 51.45
4 3 57.195
4 4 49.96
4 5 30.54
4 6 18.559
4 7 72.8
4 8 1.711
4 9 66.138
4 10 82.858
4 11 16.244
4 12 85.311
4 13 44.319
4 14 70.706
4 15 54.216
4 16 86.701
4 17 51.996
4 18 67.087
4 19 9.951
4 20 52.968
4 21 78.767
4 22 14.357
4 23 13.958
4 24 24.166
5 0 6.27
5 1 87.353
5 2 38.733
5 3 73.314
5 4 79.408
5 5 61.18
5 6 69.679
5 7 34.787
5 8 57.785
5 9 67.132
5 10 19.043
5 11 34.952
5 12 37.351
5 13 88.207
5 14 81.177
5 15 79.627
5 16 43.549
5 17 52.898
5 18 14.176
5 19 63.73
5 20 86.797
5 21 36.425
5 22 14.631
5 23 61.769
5 24 38.553
6 0 80.079
6 1 3.171
6 2 67.429
6 3 38.419
6 4 17.489
6 5 36.486
6 6 40.603
6 7 49.746
6 8 39.372
6 9 61.672
6 10 16.99
6 11 29.146
6 12 69.497
6 13 44.236
6 14 47.634
6 15 58.588
6 16 64.209
6 17 89.881
6 18 61.64
6 19 89.445
6 20 61.733
6 21 15.988
6 22 63.995
6 23 47.523
6 24 87.704
7 0 23.208
7 1 25.157
7 2 3.382
7 3 58.793
7 4 41.145
7 5 43.899
7 6 6.904
7 7 32.714
7 8 21.324
7 9 87.858
7 10 52.483
7 11 90.303
7 12 0.709
7 13 49.349
7 14 77.217
7 15 15.944
7 16 18.303
7 17 64.923
7 18 51.728
7 19 39.039
7 20 49.896
7 21 57.477
7 22 0.7
7 23 79.586
7 24 95.493
8 0 56.851
8 1 92.948
8 2 41.127
8 3 72.283
8 4 38.791
8 5 38.832
8 6 16.813
8 7 42.118
8 8 27.043
8 9 30.623
8 10 46.473
8 11 2.975
8 12 22.649
8 13 73.428
8 14 11.817
8 15 89.52
8 16 85.515
8 17 98.062
8 18 63.319
8 19 78.157
8 20 60.233
8 21 53.963
8 22 58.852
8 23 17.071
8 24 82.952
9 0 26.914
9 1 45.017
9 2 33.976
9 3 67.34
9 4 14.152
9 5 14.062
9 6 57.453
9 7 99.996
9 8 36.886
9 9 89.871
9 10 89.212
9 11 79.06
9 12 46.241
9 13 44.883
9 14 13.277
9 15 72.018
9 16 64.599
9 17 52.579
9 18 64.338
9 19 86.944
9 20 94.523
9 21 92.435
9 22 86.634
9 23 53.238
9 24 43.263
10 0 29.799
10 1 50.139
10 2 31.669
10 3 99.098
10 4 19.793
10 5 40.153
10 6 68.141
10 7 78.179
10 8 18.289
10 9 37.254
10 10 76.333
10 11 48.8
10 12 63.417
10 13 17.961
10 14 70.738
10 15 24.672
10 16 28.673
10 17 71.735
10 18 91.571
10 19 60.677
10 20 46.88
10 21 32.084
10 22 86.508
10 23 73.859
10 24 32.169
11 0 54.342
11 1 73.862
11 2 93.981
11 3 62.124
11 4 50.776
11 5 3.157
11 6 15.228
11 7 61.553
11 8 4.342
11 9 89.042
11 10 83.815
11 11 70.865
11 12 85.572
11 13 2.478
11 14 72.716
11 15 36.955
11 16 93.764
11 17 16.828
11 18 32.695
11 19 81.821
11 20 86.331
11 21 48.433
11 22 6.58
11 23 29.606
11 24 54.112
12 0 59.94
12 1 19.303
12 2 90.585
12 3 19.848
12 4 0.222
12 5 55.47
12 6 91.796
12 7 90.842
12 8 80.377
12 9 17.909
12 10 73.415
12 11 74.282
12 12 99.57
12 13 80.697
12 14 47.614
12 15 80.491
12 16 81.011
12 17 71.392
12 18 10.432
12 19 9.714
12 20 44.775
12 21 47.667
12 22 29.057
12 23 94.687
12 24 90.739
13 0 40.643
13 1 39.38
13 2 64.426
13 3 94.223
13 4 13.728
13 5 69.891
13 6 5.175
13 7 41.164
13 8 42.337
13 9 8.427
13 10 97.748
13 11 44.445
13 12 28.536
13 13 6.887
13 14 18.55
13 15 82.271
13 16 36.112
13 17 50.606
13 18 45.254
13 19 56.133
13 20 36.748
13 21 59.726
13 22 13.497
13 23 88.454
13 24 24.172
14 0 33.445
14 1 81.948
14 2 23.152
14 3 14.815
14 4 36.869
14 5 93.979
14 6 90.518
14 7 4.773
14 8 42.483
14 9 86.581
14 10 34.85
14 11 31.353
14 12 90.367
14 13 18.638
14 14 19.503
14 15 95.378
14 16 98.977
14 17 28.401
14 18 73.582
14 19 24.113
14 20 76.442
14 21 45.456
14 22 13.189
14 23 0.759
14 24 52.726
15 0 88.522
15 1 3.735
15 2 99.465
15 3 76.273
15 4 38.755
15 5 85.982
15 6 93.242
15 7 84.005
15 8 41.135
15 9 5.451
15 10 91.903
15 11 34.175
15 12 24.391
15 13 99.596
15 14 90.17
15 15 27.183
15 16 3.295
15 17 84.281
15 18 53.808
15 19 22.732
15 20 7.88
15 21 83.455
15 22 66.641
15 23 18.491
15 24 89.683
16 0 56.196
16 1 78.973
16 2 68.322
16 3 82.629
16 4 77.955
16 5 33.465
16 6 24.128
16 7 24.857
16 8 33.188
16 9 62.871
16 10 12.517
16 11 99.11
16 12 71.905
16 13 94.464
16 14 86.821
16 15 17.596
16 16 2.126
16 17 9.155
16 18 98.382
16 19 66.194
16 20 10.256
16 21 60.568
16 22 10.04
16 23 77.303
16 24 29.903
17 0 34.946
17 1 43.428
17 2 67.751
17 3 44.725
17 4 0.469
17 5 74.647
17 6 77.167
17 7 20.643
17 8 99.424
17 9 98.769
17 10 97.669
17 11 32.451
17 12 90.537
17 13 78.598
17 14 32.939
17 15 60.726
17 16 14.258
17 17 95.368
17 18 4.767
17 19 45.694
17 20 84.803
17 21 72.449
17 22 78.697
17 23 6.203
17 24 17.356
18 0 28.966
18 1 89.101
18 2 22.7
18 3 20.847
18 4 73.62
18 5 62.345
18 6 89.461
18 7 54.993
18 8 54.024
18 9 28.399
18 10 1.364
18 11 45.221
18 12 63.882
18 13 58.414
18 14 63.674
18 15 22.294
18 16 27.307
18 17 89.381
18 18 20.061
18 19 11.759
18 20 27.804
18 21 48.836
18 22 64.112
18 23 11.72
18 24 15.512
19 0 91.793
19 1 50.873
19 2 67.935
19 3 51.882
19 4 35.432
19 5 98.03
19 6 5.513
19 7 9.123
19 8 8.851
19 9 70.814
19 10 12.68
19 11 96.067
19 12 87.212
19 13 19.586
19 14 80.016
19 15 70.715
19 16 79.999
19 17 82.263
19 18 51.467
19 19 98.768
19 20 11.848
19 21 27.38
19 22 72.532
19 23 47.737
19 24 74.06
20 0 17.14
20 1 37.202
20 2 85.014
20 3 74.071
20 4 20.022
20 5 35.283
20 6 22.125
20 7 30.188
20 8 70.64
20 9 23.326
20 10 5.886
20 11 73.822
20 12 74.032
20 13 71.666
20 14 13.539
20 15 24.349
20 16 6.933
20 17 14.98
20 18 18.336
20 19 49.067
20 20 62.686
20 21 85.638
20 22 62.455
20 23 17.368
20 24 98.985
21 0 51.904
21 1 58.602
21 2 2.353
21 3 34.594
21 4 32.589
21 5 42.129
21 6 46.18
21 7 88.744
21 8 80.846
21 9 20.069
21 10 6.542
21 11 58.831
21 12 38.674
21 13 29.373
21 14 72.891
21 15 18.585
21 16 87.822
21 17 29.79
21 18 27.738
21 19 70.327
21 20 29.72
21 21 46.913
21 22 46.358
21 23 80.171
21 24 45.91
22 0 35.568
22 1 2.331
22 2 66.391
22 3 45.606
22 4 9.251
22 5 33.039
22 6 51.928
22 7 80.874
22 8 19.25
22 9 80.704
22 10 55.389
22 11 6.465
22 12 8.654
22 13 55.144
22 14 87.424
22 15 91.849
22 16 31.702
22 17 9.615
22 18 36.608
22 19 88.151
22 20 86.801
22 21 37.273
22 22 99.635
22 23 32.213
22 24 66.313
23 0 32.236
23 1 77.249
23 2 33.333
23 3 42.325
23 4 94.95
23 5 55.725
23 6 10.554
23 7 26.683
23 8 43.289
23 9 90.288
23 10 55.413
23 11 56.735
23 12 32.118
23 13 90.453
23 14 62.195
23 15 30.952
23 16 53.808
23 17 1.298
23 18 7.717
23 19 29.581
23 20 73.328
23 21 39.4
23 22 96.339
23 23 89.314
23 24 24.42
24 0 24.695
24 1 95.466
24 2 28.507
24 3 22.559
24 4 23.528
24 5 15.005
24 6 95.859
24 7 87.573
24 8 17.188
24 9 54.75
24 10 50.857
24 11 93.229
24 12 92.159
24 13 88.967
24 14 13.506
24 15 79.061
24 16 20.66
24 17 43.301
24 18 38.574
24 19 41.253
24 20 71.181
24 21 47.857
24 22 47.905
24 23 85.025
24 24 49.411
