50
0 0 59.339
0 1 24.074
0 2 72.952
0 3 81.118
0 4 94.428
0 5 99.53
0 6 55.807
0 7 29.21
0 8 85.231
0 9 6.001
0 10 54.71
0 11 49.244
0 12 43.197
0 13 23.438
0 14 72.291
0 15 11.011
0 16 59.198
0 17 28.209
0 18 14.153
0 19 55.969
0 20 83.385
0 21 9.372
0 22 68.5
0 23 63.193
0 24 2.23
0 25 93.169
0 26 77.745
0 27 11.853
0 28 78.672
0 29 30.019
0 30 94.703
0 31 42.573
0 32 88.741
0 33 9.7
0 34 97.776
0 35 85.053
0 36 89.157
0 37 43.401
0 38 79.428
0 39 97.886
0 40 88.035
0 41 60.466
0 42 7.791
0 43 14.038
0 44 73.614
0 45 25.718
0 46 22.05
0 47 80.53
0 48 62.879
0 49 75.523
1 0 33.969
1 1 29.141
1 2 93.018
1 3 71.354
1 4 18.886
1 5 40.724
1 6 77.92
1 7 45.076
1 8 37.374
1 9 51.67
1 10 13.709
1 11 48.616
1 12 94.197
1 13 85.783
1 14 8.011
1 15 57.028
1 16 71.443
1 17 20.69
1 18 44.846
1 19 4.836
1 20 89.776
1 21 83.498
1 22 77.6
1 23 31.053
1 24 20.784
1 25 41.884
1 26 8.17
1 27 64.548
1 28 89.936
1 29 5.251
1 30 16.638
1 31 21.915
1 32 75.888
1 33 46.359
1 34 30.189
1 35 62.432
1 36 63.122
1 37 67.349
1 38 40.979
1 39 41.001
1 40 97.166
1 41 83.365
1 42 27.82
1 43 40.996
1 44 18.37
1 45 93.407
1 46 78.666
1 47 74.803
1 48 38.912
1 49 18.713
2 0 43.541
2 1 69.063
2 2 85.584
2 3 7.243
2 4 7.764
2 5 73.152
2 6 31.561
2 7 37.079
2 8 13.097
2 9 79.419
2 10 55.272
2 11 62.643
2 12 38.191
2 13 14.562
2 14 61.161
2 15 36.63
2 16 41.263
2 17 3.013
2 18 85.73
2 19 82.575
2 20 98.084
2 21 30.961
2 22 64.035
2 23 38.789
2 24 17.502
2 25 60.338
2 26 22.377
2 27 87.79
2 28 97.053
2 29 42.274
2 30 83.494
2 31 12.55
2 32 34.367
2 33 23.216
2 34 12.891
2 35 8.751
2 36 9.583
2 37 56.536
2 38 11.512
2 39 93.025
2 40 18.237
2 41 95.815
2 42 9.569
2 43 95.275
2 44 56.364
2 45 15.057
2 46 74.464
2 47 77.634
2 48 31.06
2 49 0.473
3 0 4.202
3 1 89.055
3 2 28.155
3 3 36.061
3 4 94.781
3 5 18.094
3 6 25.095
3 7 11.077
3 8 10.639
3 9 5.869
3 10 52.296
3 11 44.71
3 12 58.273
3 13 30.661
3 14 39.544
3 15 0.821
3 16 48.933
3 17 36.68
3 18 33.428
3 19 87.497
3 20 38.558
3 21 97.015
3 22 72.775
3 23 62.178
3 24 85.342
3 25 91.068
3 26 30.319
3 27 34.481
3 28 54.165
3 29 18.488
3 30 78.527
3 31 23.654
3 32 55.511
3 33 99.415
3 34 64.93
3 35 69.852
3 36 61.348
3 37 59.509
3 38 47.01
3 39 21.061
3 40 45.222
3 41 14.905
3 42 49.458
3 43 6.735
3 44 51.39
3 45 43.689
3 46 21.701
3 47 17.691
3 48 17.564
3 49 11.152
4 0 32.231
4 1 85.162
4 2 31.028
4 3 17.874
4 4 84.559
4 5 55.819
4 6 80.592
4 7 96.112
4 8 91.949
4 9 27.438
4 10 38.825
4 11 21.685
4 12 98.745
4 13 58.755
4 14 25.504
4 15 43.609
4 16 98.653
4 17 60.049
4 18 61.793
4 19 15.88
4 20 31.627
4 21 41.015
4 22 73.528
4 23 21.072
4 24 87.945
4 25 8.371
4 26 16.296
4 27 11.849
4 28 82.32
4 29 55.163
4 30 52.688
4 31 32.836
4 32 5.76
4 33 16.808
4 34 57.937
4 35 77.533
4 36 93.712
4 37 52.055
4 38 21.183
4 39 65.895
4 40 81.182
4 41 80.82
4 42 23.565
4 43 69.917
4 44 23.347
4 45 43.832
4 46 77.398
4 47 20.115
4 48 69.759
4 49 50.332
5 0 10.103
5 1 87.467
5 2 61.206
5 3 51.853
5 4 58.915
5 5 66.629
5 6 75.65
5 7 67.546
5 8 32.534
5 9 22.701
5 10 20.168
5 11 63.589
5 12 79.498
5 13 78.066
5 14 57.321
5 15 58.139
5 16 43.982
5 17 18.645
5 18 32.487
5 19 21.469
5 20 97.179
5 21 0.041
5 22 84.41
5 23 56.71
5 24 88.93
5 25 91.082
5 26 61.878
5 27 67.592
5 28 80.764
5 29 79.249
5 30 19.969
5 31 41.885
5 32 24.6
5 33 24.252
5 34 39.617
5 35 56.02
5 36 70.038
5 37 60.045
5 38 44.066
5 39 9.624
5 40 76.116
5 41 56.98
5 42 88.272
5 43 34.979
5 44 70.337
5 45 9.951
5 46 25.198
5 47 58.577
5 48 79.865
5 49 62.692
6 0 7.562
6 1 61.869
6 2 86.982
6 3 89.746
6 4 91.512
6 5 90.113
6 6 11.275
6 7 51.57
6 8 65.29
6 9 36.046
6 10 37.59
6 11 74.332
6 12 15.96
6 13 85.001
6 14 36.455
6 15 67.492
6 16 53.339
6 17 58.652
6 18 47.067
6 19 37.391
6 20 43.565
6 21 62.106
6 22 56.427
6 23 86.053
6 24 75.479
6 25 60.421
6 26 74.631
6 27 24.349
6 28 23.395
6 29 51.426
6 30 11.868
6 31 89.992
6 32 51.353
6 33 72.31
6 34 56.224
6 35 6.608
6 36 33.917
6 37 7.168
6 38 80.874
6 39 34.834
6 40 67.078
6 41 32.243
6 42 55.387
6 43 11.92
6 44 14.072
6 45 33.361
6 46 48.274
6 47 37.815
6 48 91.814
6 49 36.39
7 0 20.696
7 1 36.755
7 2 47.885
7 3 55.887
7 4 31.373
7 5 34.476
7 6 99.935
7 7 2.757
7 8 25.186
7 9 44.085
7 10 59.127
7 11 52.427
7 12 67.08
7 13 63.649
7 14 84.228
7 15 77.796
7 16 72.817
7 17 33.856
7 18 51.161
7 19 6.434
7 20 64.818
7 21 49.799
7 22 76.128
7 23 44.714
7 24 42.563
7 25 82.172
7 26 24.848
7 27 43.213
7 28 82.505
7 29 84.465
7 30 25.056
7 31 82.428
7 32 27.465
7 33 3.136
7 34 89.91
7 35 11.988
7 36 85.913
7 37 75.97
7 38 49.82
7 39 14.345
7 40 61.003
7 41 62.411
7 42 14.776
7 43 89.342
7 44 81.996
7 45 31.027
7 46 54.774
7 47 41.037
7 48 81.582
7 49 37.114
8 0 41.328
8 1 55.718
8 2 9.506
8 3 9.262
8 4 2.182
8 5 20.028
8 6 49.34
8 7 93.012
8 8 96.942
8 9 43.149
8 10 39.786
8 11 78.585
8 12 63.367
8 13 75.366
8 14 97.897
8 15 57.136
8 16 75.313
8 17 25.686
8 18 93.056
8 19 39.755
8 20 84.841
8 21 27.144
8 22 72.213
8 23 40.169
8 24 80.032
8 25 90.34
8 26 31.66
8 27 48.091
8 28 4.355
8 29 96.169
8 30 19.507
8 31 86.092
8 32 0.048
8 33 42.441
8 34 3.009
8 35 69.778
8 36 30.722
8 37 90.668
8 38 7.134
8 39 21.62
8 40 10.838
8 41 28.569
8 42 47.229
8 43 2.257
8 44 94.801
8 45 6.349
8 46 33.885
8 47 10.102
8 48 68.591
8 49 50.421
9 0 23.978
9 1 40.212
9 2 72.481
9 3 10.099
9 4 72.663
9 5 89.845
9 6 54.078
9 7 1.76
9 8 31.935
9 9 68.687
9 10 62.912
9 11 65.861
9 12 19.57
9 13 17.969
9 14 53.684
9 15 93.3
9 16 47.938
9 17 82.135
9 18 52.688
9 19 37.389
9 20 94.874
9 21 39.635
9 22 83.004
9 23 15.986
9 24 83.189
9 25 54.307
9 26 32.612
9 27 59.37
9 28 77.279
9 29 81.602
9 30 6.909
9 31 85.107
9 32 66.934
9 33 49.304
9 34 51.223
9 35 4.888
9 36 54.982
9 37 25.205
9 38 36.686
9 39 68.948
9 40 96.506
9 41 25.566
9 42 86.686
9 43 23.085
9 44 60.735
9 45 6.496
9 46 78.725
9 47 48.91
9 48 94.343
9 49 62.684
10 0 72.15
10 1 28.961
10 2 18.773
10 3 53.239
10 4 29.188
10 5 64.253
10 6 77.939
10 7 7.991
10 8 37.595
10 9 47.141
10 10 5.371
10 11 61.351
10 12 25.461
10 13 25.641
10 14 69.429
10 15 13.765
10 16 10.112
10 17 31.781
10 18 44.064
10 19 13.869
10 20 79.216
10 21 76.161
10 22 97.915
10 23 30.484
10 24 29.664
10 25 77.449
10 26 35.08
10 27 7.337
10 28 33.086
10 29 35.923
10 30 19.17
10 31 65.364
10 32 85.937
10 33 52.268
10 34 65.972
10 35 50.318
10 36 54.601
10 37 10.825
10 38 84.409
10 39 81.614
10 40 62.748
10 41 49.026
10 42 0.321
10 43 45.314
10 44 30.835
10 45 19.69
10 46 17.881
10 47 8.26
10 48 73.827
10 49 59.318
11 0 74.633
11 1 29.838
11 2 47.041
11 3 46.622
11 4 69.66
11 5 24.602
11 6 3.306
11 7 30.799
11 8 77.631
11 9 93.046
11 10 95.308
11 11 4.673
11 12 20.181
11 13 98.313
11 14 75.852
11 15 41.804
11 16 31.61
11 17 74.915
11 18 9.695
11 19 70.589
11 20 89.291
11 21 84.3
11 22 78.007
11 23 18.271
11 24 41.166
11 25 33.905
11 26 6.369
11 27 92.171
11 28 61.617
11 29 47.71
11 30 92.758
11 31 9.117
11 32 46.055
11 33 80.425
11 34 92.202
11 35 38.879
11 36 0.006
11 37 48.454
11 38 1.944
11 39 23.978
11 40 71.263
11 41 46.171
11 42 95.208
11 43 87.724
11 44 66.335
11 45 35.428
11 46 87.887
11 47 51.529
11 48 7.775
11 49 25.603
12 0 38.292
12 1 46.411
12 2 61.556
12 3 23.602
12 4 56.742
12 5 28.186
12 6 22.714
12 7 34.902
12 8 30.781
12 9 42.858
12 10 7.544
12 11 37.959
12 12 53.511
12 13 3.708
12 14 54.071
12 15 11.452
12 16 60.501
12 17 71.778
12 18 83.874
12 19 9.581
12 20 99.817
12 21 83.524
12 22 48.759
12 23 3.841
12 24 9.899
12 25 86.304
12 26 7.802
12 27 58.608
12 28 52.748
12 29 27.693
12 30 40.039
12 31 40.077
12 32 2.651
12 33 21.315
12 34 74.618
12 35 17.04
12 36 0.426
12 37 28.8
12 38 86.446
12 39 58.679
12 40 5.835
12 41 71.173
12 42 23.709
12 43 50.004
12 44 21.458
12 45 89.576
12 46 45.45
12 47 42.431
12 48 67.039
12 49 83.209
13 0 37.532
13 1 23.844
13 2 90.849
13 3 57.715
13 4 74.906
13 5 29.42
13 6 97.024
13 7 59.061
13 8 65.172
13 9 50.456
13 10 84.697
13 11 5.482
13 12 55.909
13 13 25.793
13 14 13.039
13 15 9.3
13 16 40.856
13 17 23.017
13 18 65.268
13 19 38.246
13 20 79.674
13 21 18.807
13 22 13.982
13 23 38.162
13 24 91.384
13 25 0.479
13 26 44.115
13 27 90.75
13 28 98.729
13 29 47.973
13 30 80.336
13 31 15.128
13 32 12.559
13 33 67.24
13 34 16.315
13 35 71.776
13 36 57.963
13 37 53.98
13 38 76.662
13 39 28.652
13 40 35.836
13 41 11.083
13 42 47.499
13 43 9.173
13 44 82.875
13 45 85.476
13 46 68.406
13 47 3.722
13 48 60.446
13 49 43.982
14 0 47.605
14 1 0.704
14 2 88.373
14 3 34.151
14 4 53.693
14 5 20.73
14 6 65.375
14 7 42.346
14 8 37.953
14 9 49.428
14 10 51.013
14 11 40.474
14 12 51.822
14 13 97.85
14 14 0.015
14 15 72.622
14 16 88.905
14 17 10.747
14 18 17.86
14 19 1.299
14 20 13.913
14 21 98.265
14 22 90.553
14 23 56.505
14 24 27.908
14 25 52.072
14 26 45.442
14 27 2.063
14 28 56.231
14 29 95.14
14 30 30.723
14 31 48.654
14 32 45.051
14 33 74.451
14 34 2.838
14 35 97.546
14 36 1.341
14 37 88.412
14 38 2.769
14 39 3.142
14 40 80.256
14 41 15.069
14 42 99.584
14 43 76.417
14 44 57.937
14 45 78.922
14 46 52.633
14 47 99.051
14 48 10.961
14 49 52.549
15 0 85.68
15 1 7.46
15 2 49.124
15 3 50.958
15 4 89.633
15 5 39.874
15 6 7.408
15 7 41.969
15 8 55.867
15 9 78.162
15 10 17.223
15 11 21.435
15 12 93.488
15 13 52.003
15 14 41.366
15 15 61.515
15 16 14.689
15 17 38.785
15 18 39.912
15 19 39.379
15 20 39.511
15 21 78.994
15 22 53.348
15 23 47.169
15 24 57.068
15 25 77.546
15 26 97.622
15 27 15.864
15 28 99.994
15 29 33.826
15 30 7.513
15 31 7.552
15 32 74.601
15 33 70.774
15 34 85.06
15 35 12.316
15 36 25.354
15 37 96.788
15 38 71.606
15 39 83.376
15 40 31.678
15 41 6.139
15 42 68.118
15 43 98.639
15 44 41.688
15 45 64.404
15 46 48.553
15 47 16.211
15 48 62.928
15 49 47.729
16 0 28.718
16 1 95.489
16 2 37.41
16 3 80.808
16 4 49.533
16 5 37.036
16 6 6.899
16 7 97.771
16 8 53.942
16 9 4.716
16 10 50.145
16 11 16.097
16 12 72.466
16 13 83.435
16 14 39.814
16 15 53.085
16 16 97.972
16 17 20.132
16 18 39.861
16 19 24.262
16 20 11.505
16 21 96.984
16 22 30.216
16 23 4.759
16 24 7.528
16 25 47.26
16 26 75.76
16 27 20.325
16 28 9.005
16 29 50.005
16 30 73.579
16 31 92.106
16 32 89.771
16 33 72.688
16 34 77.617
16 35 59.499
16 36 18.532
16 37 83.388
16 38 45.451
16 39 96.186
16 40 66.097
16 41 8.881
16 42 97.324
16 43 32.418
16 44 67.112
16 45 58.156
16 46 60.425
16 47 20.616
16 48 59.113
16 49 4.118
17 0 84.515
17 1 82.373
17 2 59.986
17 3 94.716
17 4 6.753
17 5 6.08
17 6 68.923
17 7 34.738
17 8 99.627
17 9 38.506
17 10 71.575
17 11 85.253
17 12 44.024
17 13 65.316
17 14 3.267
17 15 83.408
17 16 23.918
17 17 54.098
17 18 11.751
17 19 58.596
17 20 85.939
17 21 52.867
17 22 84.356
17 23 86.434
17 24 62.296
17 25 26.864
17 26 78.27
17 27 25.765
17 28 32.632
17 29 76.563
17 30 31.265
17 31 3.47
17 32 5.826
17 33 94.842
17 34 39.424
17 35 83.24
17 36 92.169
17 37 98.811
17 38 14.188
17 39 37.389
17 40 64.342
17 41 39.657
17 42 13.706
17 43 67.55
17 44 48.588
17 45 31.673
17 46 60.488
17 47 90.822
17 48 21.816
17 49 97.019
18 0 40.305
18 1 61.18
18 2 14.498
18 3 26.702
18 4 75.097
18 5 60.324
18 6 59.005
18 7 10.589
18 8 57.218
18 9 38.036
18 10 13.025
18 11 80.163
18 12 49.464
18 13 55.899
18 14 6.518
18 15 35.413
18 16 19.846
18 17 93.61
18 18 37.651
18 19 41.305
18 20 7.598
18 21 97.15
18 22 18.562
18 23 28.04
18 24 66.755
18 25 20.518
18 26 35.243
18 27 36.729
18 28 73.341
18 29 58.822
18 30 50.799
18 31 79.891
18 32 31.28
18 33 88.435
18 34 54.438
18 35 59.74
18 36 73.497
18 37 79.018
18 38 75.835
18 39 86.026
18 40 88.741
18 41 78.14
18 42 62.017
18 43 9.105
18 44 46.625
18 45 49.658
18 46 83.68
18 47 34.387
18 48 35.312
18 49 93.256
19 0 67.354
19 1 83.99
19 2 93.629
19 3 64.399
19 4 58.625
19 5 80.991
19 6 19.361
19 7 71.63
19 8 16.17
19 9 44.671
19 10 9.7
19 11 42.668
19 12 71.749
19 13 24.529
19 14 71.515
19 15 85.762
19 16 55.572
19 17 28.614
19 18 66.284
19 19 96.643
19 20 33.447
19 21 13.726
19 22 90.649
19 23 94.359
19 24 68.246
19 25 47.293
19 26 55.564
19 27 41.48
19 28 82.508
19 29 12.962
19 30 87.18
19 31 37.077
19 32 5.37
19 33 9.935
19 34 57.737
19 35 57.835
19 36 97.803
19 37 21.158
19 38 22.283
19 39 1.936
19 40 63.04
19 41 93.364
19 42 90.715
19 43 42.413
19 44 70.157
19 45 95.174
19 46 99.962
19 47 17.547
19 48 94.212
19 49 67.842
20 0 41.74
20 1 33.816
20 2 39.51
20 3 26.854
20 4 48.075
20 5 21.359
20 6 79.981
20 7 35.53
20 8 45.239
20 9 53.037
20 10 17.665
20 11 97.883
20 12 91.971
20 13 61.752
20 14 51.585
20 15 73.055
20 16 13.384
20 17 80.86
20 18 49.878
20 19 24.382
20 20 30.355
20 21 3.898
20 22 65.364
20 23 80.217
20 24 52.136
20 25 49.818
20 26 21.217
20 27 54.272
20 28 88.586
20 29 64.992
20 30 19.813
20 31 40.24
20 32 13.118
20 33 69.917
20 34 37.459
20 35 69.803
20 36 9.8
20 37 92.954
20 38 29.376
20 39 0.332
20 40 76.657
20 41 48.848
20 42 34.433
20 43 88.757
20 44 61.503
20 45 41.617
20 46 4.497
20 47 17.422
20 48 48.417
20 49 63.827
21 0 12.436
21 1 68.848
21 2 84.024
21 3 94.585
21 4 57.544
21 5 60.934
21 6 7.467
21 7 54.92
21 8 18.501
21 9 0.776
21 10 21.754
21 11 83.443
21 12 19.068
21 13 46.408
21 14 45.109
21 15 92.766
21 16 56.387
21 17 24.677
21 18 17.628
21 19 53.531
21 20 75.823
21 21 46.791
21 22 45.322
21 23 88.754
21 24 31.386
21 25 32.427
21 26 48.449
21 27 60.179
21 28 26.259
21 29 59.699
21 30 83.532
21 31 64.965
21 32 46.705
21 33 81.19
21 34 83.068
21 35 65.9
21 36 95.479
21 37 68.371
21 38 33.911
21 39 89.662
21 40 6.058
21 41 77.796
21 42 63.868
21 43 2.144
21 44 10.765
21 45 63.837
21 46 40.625
21 47 88.414
21 48 19.575
21 49 19.572
22 0 1.509
22 1 49.981
22 2 17.904
22 3 35.298
22 4 34.925
22 5 22.957
22 6 4.855
22 7 83.546
22 8 94.917
22 9 61.38
22 10 44.78
22 11 25.021
22 12 14.38
22 13 9.118
22 14 39.021
22 15 36.204
22 16 34.732
22 17 89.295
22 18 5.347
22 19 36.338
22 20 28.758
22 21 62.446
22 22 10.053
22 23 87.163
22 24 70.36
22 25 82.873
22 26 24.17
22 27 85.387
22 28 29.808
22 29 33.327
22 30 34.571
22 31 38.193
22 32 22.933
22 33 75.942
22 34 0.706
22 35 77.582
22 36 45.448
22 37 99.901
22 38 51.073
22 39 50.859
22 40 90.758
22 41 56.815
22 42 55.51
22 43 82.191
22 44 41.033
22 45 13.847
22 46 55.17
22 47 34.481
22 48 84.712
22 49 45.534
23 0 49.745
23 1 74.24
23 2 53.312
23 3 89.678
23 4 82.786
23 5 67.097
23 6 53.239
23 7 76.117
23 8 37.549
23 9 93.834
23 10 54.566
23 11 5.015
23 12 48.746
23 13 95.138
23 14 36.8
23 15 78.741
23 16 33.976
23 17 55.159
23 18 4.575
23 19 21.16
23 20 20.088
23 21 50.655
23 22 99.647
23 23 44.449
23 24 21.178
23 25 20.121
23 26 89.53
23 27 34.988
23 28 71.621
23 29 29.664
23 30 61.736
23 31 21.373
23 32 19.282
23 33 12.489
23 34 76.64
23 35 59.7
23 36 69.483
23 37 74.459
23 38 45.797
23 39 21.606
23 40 20.52
23 41 97.952
23 42 16.255
23 43 23.377
23 44 96.468
23 45 79.467
23 46 69.52
23 47 43.445
23 48 84.707
23 49 59.88
24 0 98.249
24 1 54.484
24 2 89.64
24 3 82.063
24 4 99.072
24 5 80.264
24 6 19.197
24 7 83.996
24 8 57.583
24 9 62.658
24 10 82.576
24 11 70.228
24 12 75.486
24 13 81.315
24 14 46.28
24 15 28.497
24 16 0.636
24 17 23.69
24 18 50.626
24 19 33.492
24 20 14.758
24 21 27.872
24 22 99.397
24 23 29.913
24 24 59.647
24 25 49.853
24 26 33.612
24 27 54.33
24 28 27.617
24 29 69.433
24 30 46.727
24 31 44.058
24 32 73.44
24 33 88.893
24 34 92.1
24 35 68.123
24 36 95.468
24 37 79.58
24 38 19.007
24 39 59.941
24 40 24.518
24 41 61.069
24 42 30.832
24 43 45.153
24 44 42.003
24 45 86.629
24 46 75.488
24 47 89.276
24 48 59.299
24 49 77.181
25 0 28.399
25 1 58.048
25 2 55.487
25 3 73.664
25 4 82.829
25 5 44.63
25 6 71.427
25 7 7.245
25 8 21.374
25 9 75.918
25 10 9.125
25 11 27.666
25 12 95.929
25 13 92.944
25 14 40.838
25 15 33.585
25 16 76.741
25 17 81.303
25 18 33.468
25 19 9.79
25 20 16.644
25 21 43.222
25 22 39.107
25 23 79.975
25 24 25.729
25 25 23.587
25 26 87.005
25 27 44.723
25 28 40.805
25 29 36.846
25 30 97.061
25 31 35.666
25 32 41.497
25 33 83.872
25 34 47.119
25 35 98.269
25 36 8.044
25 37 49.842
25 38 44.903
25 39 50.024
25 40 95.878
25 41 56.999
25 42 25.526
25 43 38.467
25 44 9.18
25 45 41.006
25 46 78.453
25 47 60.58
25 48 42.328
25 49 91.283
26 0 58.941
26 1 3.746
26 2 63.068
26 3 78.528
26 4 17.122
26 5 65.34
26 6 88.915
26 7 71.306
26 8 16.324
26 9 86.983
26 10 38.78
26 11 53.217
26 12 42.915
26 13 43.092
26 14 69.321
26 15 10.585
26 16 43.803
26 17 36.085
26 18 16.335
26 19 17.015
26 20 88.208
26 21 73.654
26 22 16.945
26 23 35.094
26 24 50.723
26 25 78.046
26 26 13.76
26 27 9.831
26 28 18.671
26 29 10.028
26 30 39.295
26 31 75.248
26 32 22.161
26 33 30.279
26 34 21.466
26 35 12.115
26 36 64.216
26 37 1.465
26 38 24.095
26 39 90.969
26 40 58.541
26 41 62.827
26 42 76.61
26 43 58.161
26 44 46.654
26 45 61.734
26 46 31.11
26 47 85.831
26 48 38.448
26 49 58.082
27 0 84.111
27 1 11.974
27 2 23.258
27 3 61.324
27 4 92.056
27 5 94.391
27 6 56.497
27 7 4.312
27 8 52.44
27 9 9.191
27 10 82.208
27 11 2.494
27 12 16.554
27 13 42.308
27 14 26.659
27 15 3.596
27 16 97.471
27 17 64.21
27 18 73.2
27 19 83.499
27 20 23.899
27 21 57.752
27 22 59.487
27 23 10.439
27 24 81.022
27 25 48.448
27 26 17.876
27 27 42.589
27 28 47.107
27 29 55.162
27 30 61.455
27 31 19.152
27 32 70.781
27 33 62.093
27 34 40.112
27 35 70.525
27 36 1.934
27 37 40.694
27 38 68.308
27 39 95.906
27 40 43.714
27 41 26.459
27 42 29.123
27 43 71.24
27 44 33.861
27 45 44.989
27 46 23.503
27 47 63.095
27 48 30.647
27 49 72.274
28 0 99.911
28 1 17.186
28 2 95.528
28 3 56.719
28 4 68.239
28 5 21.64
28 6 16.274
28 7 26.112
28 8 81.87
28 9 25.869
28 10 59.163
28 11 68.542
28 12 56.032
28 13 88.743
28 14 34.937
28 15 1.429
28 16 15.13
28 17 1.785
28 18 83.655
28 19 33.531
28 20 98.39
28 21 81.841
28 22 1.239
28 23 47.226
28 24 94.17
28 25 77.447
28 26 82.651
28 27 84.202
28 28 25.253
28 29 52.277
28 30 43.533
28 31 87.607
28 32 27.637
28 33 96.901
28 34 62.179
28 35 36.138
28 36 80.759
28 37 12.821
28 38 82.934
28 39 82.336
28 40 54.158
28 41 79.817
28 42 74.903
28 43 11.709
28 44 6.316
28 45 3.921
28 46 35.913
28 47 91.628
28 48 82.822
28 49 23.027
29 0 79.515
29 1 77.359
29 2 64.406
29 3 25.821
29 4 96.183
29 5 53.598
29 6 79.196
29 7 37.883
29 8 58.301
29 9 80.55
29 10 30.195
29 11 30.317
29 12 94.158
29 13 0.193
29 14 73.193
29 15 28.735
29 16 17.705
29 17 9.911
29 18 54.763
29 19 69.563
29 20 33.596
29 21 17.356
29 22 50.625
29 23 39.776
29 24 86.667
29 25 13.968
29 26 94.454
29 27 40.088
29 28 87.225
29 29 97.116
29 30 72.297
29 31 69.625
29 32 77.24
29 33 8.559
29 34 47.894
29 35 32.181
29 36 3.5
29 37 11.916
29 38 39.99
29 39 33.013
29 40 41.838
29 41 8.389
29 42 37.13
29 43 47.579
29 44 54.176
29 45 80.841
29 46 72.754
29 47 30.01
29 48 22.123
29 49 21.039
30 0 77.611
30 1 16.071
30 2 31.917
30 3 98.471
30 4 59.267
30 5 16.095
30 6 92.584
30 7 87.978
30 8 84.677
30 9 42.501
30 10 96.746
30 11 72.087
30 12 22.06
30 13 88.11
30 14 55.96
30 15 39.655
30 16 18.986
30 17 58.7
30 18 98.478
30 19 70.6
30 20 24.992
30 21 69.077
30 22 53.858
30 23 74.52
30 24 39.427
30 25 11.883
30 26 95.781
30 27 40.799
30 28 78.222
30 29 80.339
30 30 18.611
30 31 43.442
30 32 26.202
30 33 32.719
30 34 63.439
30 35 83.113
30 36 71.802
30 37 56.648
30 38 34.515
30 39 12.629
30 40 96.168
30 41 37.145
30 42 31.728
30 43 39.028
30 44 67.668
30 45 74.859
30 46 95.788
30 47 34.498
30 48 84.988
30 49 87.128
31 0 74.15
31 1 52.364
31 2 3.639
31 3 77.619
31 4 30.229
31 5 98.404
31 6 60.719
31 7 76.456
31 8 81.756
31 9 62.36
31 10 68.663
31 11 5.472
31 12 95.438
31 13 23.51
31 14 49.502
31 15 41.369
31 16 71.754
31 17 10.444
31 18 80.553
31 19 90.976
31 20 28.05
31 21 82.674
31 22 28.317
31 23 66.533
31 24 84.296
31 25 41.224
31 26 19.592
31 27 35.667
31 28 35.268
31 29 29.684
31 30 27.419
31 31 88.589
31 32 69.524
31 33 54.534
31 34 37.602
31 35 54.91
31 36 3.287
31 37 86.075
31 38 35.927
31 39 9.262
31 40 10.32
31 41 53.749
31 42 85.906
31 43 60.75
31 44 40.273
31 45 92.081
31 46 58.048
31 47 57.292
31 48 40.754
31 49 27.516
32 0 3.783
32 1 30.539
32 2 76.616
32 3 84.205
32 4 72.083
32 5 27.412
32 6 55.404
32 7 23.776
32 8 92.818
32 9 32.783
32 10 38.521
32 11 79.404
32 12 45.073
32 13 89.701
32 14 46.848
32 15 48.404
32 16 26.16
32 17 18.54
32 18 81.151
32 19 32.147
32 20 40.429
32 21 7.361
32 22 65.987
32 23 87.947
32 24 46.828
32 25 41.329
32 26 26.003
32 27 98.041
32 28 0.28
32 29 12.187
32 30 43.463
32 31 97.124
32 32 8.225
32 33 47.405
32 34 97.885
32 35 89.514
32 36 62.545
32 37 27.32
32 38 98.784
32 39 55.079
32 40 75.644
32 41 10.694
32 42 52.907
32 43 95.88
32 44 55.536
32 45 61.867
32 46 43.234
32 47 15.981
32 48 29.359
32 49 66.712
33 0 64.206
33 1 1.139
33 2 78.579
33 3 9.279
33 4 74.374
33 5 33.88
33 6 92.801
33 7 57.485
33 8 83.532
33 9 74.901
33 10 57.904
33 11 14.341
33 12 96.676
33 13 61.22
33 14 78.085
33 15 0.654
33 16 86.889
33 17 24.664
33 18 21.514
33 19 43.609
33 20 75.289
33 21 35.615
33 22 16.156
33 23 55.668
33 24 67.305
33 25 83.813
33 26 21.873
33 27 36.239
33 28 87.342
33 29 87.402
33 30 33.971
33 31 47.353
33 32 42.528
33 33 34.119
33 34 40.077
33 35 67.891
33 36 8.919
33 37 65.85
33 38 95.881
33 39 49.049
33 40 66.833
33 41 80.868
33 42 98.169
33 43 0.4
33 44 22.335
33 45 16.558
33 46 12.806
33 47 25.201
33 48 78.06
33 49 13.966
34 0 31.158
34 1 20.513
34 2 63.584
34 3 87.809
34 4 12.921
34 5 34.808
34 6 94.449
34 7 86.412
34 8 62.245
34 9 35.203
34 10 36.476
34 11 66.099
34 12 53.722
34 13 58.269
34 14 76.987
34 15 39.502
34 16 36.702
34 17 4.925
34 18 54.388
34 19 92.137
34 20 23.902
34 21 2.097
34 22 73.835
34 23 35.935
34 24 11.638
34 25 87.204
34 26 30.382
34 27 56.038
34 28 28.157
34 29 97.58
34 30 49.105
34 31 60.919
34 32 26.275
34 33 3.853
34 34 12.367
34 35 70.763
34 36 8.485
34 37 4.073
34 38 21.712
34 39 64.866
34 40 78.489
34 41 11.382
34 42 13.921
34 43 94.321
34 44 93.099
34 45 33.47
34 46 69.852
34 47 65.679
34 48 9.109
34 49 9.287
35 0 68.429
35 1 19.144
35 2 43.704
35 3 87.308
35 4 6.569
35 5 23.587
35 6 67.163
35 7 95.6
35 8 71.842
35 9 39.379
35 10 98.312
35 11 54.344
35 12 4.279
35 13 80.404
35 14 22.936
35 15 81.612
35 16 39.109
35 17 62.281
35 18 62.359
35 19 19.029
35 20 25.749
35 21 55.893
35 22 60.913
35 23 63.381
35 24 86.105
35 25 83.551
35 26 32.682
35 27 76.129
35 28 7.47
35 29 11.407
35 30 55.294
35 31 2.982
35 32 49.447
35 33 69.105
35 34 11.587
35 35 50.33
35 36 38.287
35 37 2.48
35 38 96.316
35 39 30.582
35 40 0.432
35 41 97.787
35 42 6.856
35 43 72.162
35 44 77.588
35 45 61.232
35 46 46.064
35 47 44.228
35 48 26.269
35 49 25.569
36 0 7.536
36 1 25.86
36 2 19.281
36 3 40.594
36 4 42.947
36 5 30.543
36 6 96.205
36 7 66.675
36 8 52.012
36 9 6.995
36 10 56.671
36 11 98.351
36 12 37.261
36 13 98.724
36 14 36.091
36 15 61.398
36 16 2.151
36 17 53.834
36 18 36.308
36 19 35.202
36 20 12.052
36 21 63.465
36 22 61.064
36 23 70.328
36 24 24.012
36 25 97.578
36 26 4.318
36 27 7.29
36 28 86.335
36 29 27.783
36 30 66.807
36 31 48.988
36 32 98.502
36 33 13.29
36 34 63.664
36 35 40.257
36 36 81.608
36 37 97.497
36 38 49.526
36 39 34.909
36 40 59.317
36 41 44.438
36 42 44.03
36 43 33.758
36 44 98.562
36 45 39.625
36 46 43.851
36 47 53.14
36 48 87.609
36 49 38.416
37 0 39.519
37 1 81.506
37 2 89.028
37 3 21.397
37 4 72.92
37 5 54.099
37 6 67.842
37 7 90.307
37 8 0.606
37 9 30.668
37 10 65.352
37 11 35.077
37 12 55.614
37 13 78.935
37 14 65.674
37 15 7.213
37 16 32.537
37 17 71.43
37 18 36.042
37 19 11.348
37 20 87.842
37 21 61.047
37 22 10.174
37 23 41.12
37 24 39.647
37 25 51.541
37 26 80.017
37 27 59.161
37 28 97.678
37 29 4.05
37 30 60.915
37 31 45.234
37 32 31.577
37 33 83.176
37 34 58.552
37 35 98.232
37 36 50.729
37 37 56.565
37 38 26.262
37 39 44.185
37 40 21.955
37 41 13.918
37 42 37.6
37 43 51.765
37 44 21.74
37 45 44.934
37 46 34.815
37 47 42.485
37 48 88.632
37 49 94.742
38 0 69.096
38 1 26.241
38 2 2.022
38 3 25.792
38 4 44.953
38 5 50.727
38 6 78.084
38 7 94.743
38 8 37.841
38 9 53.906
38 10 74.888
38 11 68.58
38 12 35.712
38 13 5.164
38 14 28.364
38 15 97.531
38 16 12.736
38 17 69.827
38 18 8.752
38 19 49.779
38 20 46.166
38 21 30.708
38 22 96.91
38 23 81.178
38 24 4.909
38 25 29.133
38 26 84.811
38 27 84.859
38 28 31.163
38 29 83.781
38 30 24.463
38 31 65.494
38 32 40.722
38 33 70.587
38 34 10.481
38 35 67.833
38 36 4.494
38 37 62.382
38 38 37.551
38 39 80.556
38 40 33.558
38 41 85.544
38 42 87.132
38 43 92.16
38 44 93.326
38 45 4.993
38 46 0.787
38 47 97.551
38 48 86.379
38 49 92.919
39 0 31.69
39 1 57.18
39 2 61.208
39 3 95.024
39 4 54.923
39 5 34.642
39 6 94.41
39 7 33.006
39 8 74.538
39 9 42.73
39 10 35.441
39 11 65.711
39 12 1.015
39 13 31.64
39 14 9.335
39 15 49.337
39 16 4.053
39 17 90.587
39 18 78.322
39 19 48.564
39 20 13.711
39 21 96.428
39 22 13.095
39 23 32.109
39 24 98.85
39 25 42.509
39 26 42.458
39 27 39.764
39 28 52.473
39 29 20.778
39 30 50.275
39 31 72.664
39 32 90.698
39 33 41.382
39 34 67.593
39 35 30.687
39 36 59.386
39 37 17.974
39 38 69.991
39 39 98.782
39 40 83.286
39 41 88.266
39 42 74.012
39 43 83.454
39 44 72.154
39 45 22.806
39 46 18.169
39 47 11.214
39 48 97.571
39 49 89.055
40 0 18.12
40 1 86.075
40 2 0.705
40 3 51.049
40 4 35.268
40 5 50.342
40 6 11.939
40 7 20.367
40 8 22.171
40 9 9.841
40 10 74.239
40 11 21.207
40 12 57.392
40 13 56.221
40 14 95.354
40 15 61.088
40 16 93.206
40 17 5.434
40 18 6.059
40 19 86.791
40 20 76.445
40 21 66.828
40 22 18.819
40 23 27.672
40 24 96.265
40 25 74.206
40 26 30.726
40 27 37.27
40 28 44.157
40 29 56.466
40 30 19.156
40 31 93.858
40 32 61.326
40 33 11.564
40 34 49.889
40 35 22.294
40 36 6.866
40 37 40.429
40 38 89.039
40 39 65.096
40 40 36.607
40 41 85.656
40 42 16.848
40 43 86.051
40 44 24.977
40 45 18.805
40 46 28.526
40 47 45.299
40 48 71.315
40 49 51.829
41 0 33.845
41 1 83.89
41 2 14.984
41 3 18.007
41 4 35.272
41 5 13.894
41 6 29.723
41 7 24.143
41 8 82.648
41 9 84.571
41 10 54.174
41 11 45.644
41 12 7.728
41 13 44.066
41 14 58.553
41 15 22.35
41 16 26.962
41 17 55.618
41 18 18.155
41 19 30.338
41 20 19.963
41 21 45.572
41 22 33.808
41 23 79.815
41 24 49.322
41 25 55.92
41 26 62.623
41 27 14.597
41 28 68.552
41 29 0.692
41 30 95.114
41 31 46.661
41 32 0.12
41 33 64.501
41 34 30.742
41 35 45.684
41 36 99.42
41 37 13.318
41 38 97.52
41 39 73.998
41 40 48.581
41 41 50.173
41 42 53.163
41 43 40.006
41 44 70.967
41 45 90.072
41 46 6.132
41 47 84.801
41 48 6.643
41 49 70.033
42 0 44.452
42 1 43.071
42 2 42.313
42 3 80.373
42 4 44.099
42 5 70.533
42 6 9.619
42 7 75.623
42 8 35.833
42 9 78.626
42 10 6.15
42 11 41.767
42 12 64.113
42 13 74.559
42 14 40.856
42 15 25.619
42 16 24.348
42 17 79.421
42 18 2.883
42 19 30.677
42 20 48.609
42 21 38.99
42 22 96.236
42 23 57.121
42 24 39.866
42 25 17.966
42 26 34.273
42 27 80.313
42 28 9.372
42 29 52.923
42 30 66.997
42 31 2.322
42 32 66.988
42 33 47.377
42 34 78.533
42 35 90.994
42 36 24.916
42 37 2.258
42 38 86.007
42 39 5.013
42 40 52.984
42 41 87.363
42 42 2.066
42 43 9.889
42 44 92.747
42 45 94.402
42 46 84.597
42 47 32.174
42 48 77.836
42 49 94.459
43 0 41.604
43 1 9.034
43 2 87.402
43 3 17.536
43 4 48.852
43 5 39.204
43 6 1.686
43 7 12.75
43 8 13.245
43 9 88.266
43 10 15.637
43 11 7.003
43 12 46.695
43 13 18.553
43 14 19.003
43 15 12.199
43 16 21.477
43 17 66.517
43 18 24.173
43 19 28.99
43 20 79.456
43 21 70.552
43 22 24.127
43 23 38.125
43 24 22.3
43 25 75.125
43 26 49.349
43 27 55.303
43 28 65.269
43 29 54.62
43 30 48.568
43 31 84.498
43 32 6.104
43 33 96.643
43 34 70.157
43 35 17.837
43 36 48.81
43 37 61.692
43 38 70.787
43 39 39.457
43 40 10.415
43 41 75.51
43 42 89.554
43 43 70.669
43 44 21.404
43 45 28.815
43 46 15.414
43 47 28.241
43 48 95.774
43 49 55.581
44 0 11.93
44 1 17.344
44 2 0.2
44 3 81.366
44 4 51.256
44 5 5.81
44 6 45.337
44 7 48.562
44 8 93.32
44 9 27.04
44 10 32.71
44 11 47.08
44 12 60.504
44 13 99.268
44 14 87.933
44 15 14.755
44 16 20.839
44 17 54.127
44 18 36.42
44 19 28.202
44 20 37.647
44 21 33.781
44 22 29.756
44 23 91.769
44 24 23.171
44 25 54.902
44 26 38.128
44 27 81.613
44 28 46.842
44 29 54.631
44 30 63.909
44 31 85.785
44 32 3.756
44 33 90.922
44 34 34.238
44 35 72.584
44 36 64.532
44 37 41.635
44 38 88.266
44 39 65.01
44 40 66.542
44 41 40.729
44 42 96.274
44 43 40.841
44 44 47.672
44 45 74.497
44 46 99.784
44 47 30.367
44 48 56.109
44 49 83.953
45 0 78.367
45 1 97.116
45 2 88.495
45 3 59.938
45 4 41.74
45 5 16.188
45 6 33.629
45 7 31.524
45 8 13.027
45 9 34.766
45 10 51.514
45 11 51.414
45 12 69.305
45 13 73.839
45 14 46.533
45 15 10.315
45 16 7.025
45 17 57.727
45 18 91.017
45 19 33.812
45 20 96.582
45 21 44.396
45 22 22.619
45 23 51.243
45 24 20.29
45 25 45.153
45 26 49.154
45 27 75.629
45 28 6.348
45 29 23.822
45 30 87.522
45 31 59.88
45 32 93.25
45 33 29.194
45 34 9.563
45 35 11.792
45 36 15.526
45 37 69.165
45 38 43.893
45 39 76.726
45 40 25.859
45 41 46.853
45 42 66.573
45 43 48.287
45 44 72.565
45 45 61.788
45 46 82.844
45 47 16.742
45 48 54.149
45 49 44.952
46 0 90.189
46 1 25.234
46 2 0.86
46 3 76.708
46 4 87.602
46 5 95.213
46 6 18.189
46 7 15.205
46 8 98.825
46 9 54.922
46 10 66.544
46 11 93.072
46 12 85.595
46 13 47.894
46 14 19.525
46 15 34.192
46 16 57.019
46 17 14.642
46 18 77.608
46 19 37.175
46 20 88.333
46 21 48.771
46 22 0.351
46 23 18.391
46 24 22.906
46 25 81.108
46 26 19.32
46 27 47.273
46 28 54.405
46 29 10.717
46 30 83.13
46 31 81.233
46 32 33.103
46 33 98.326
46 34 75.651
46 35 25.205
46 36 38.65
46 37 27.056
46 38 2.198
46 39 92.947
46 40 74.199
46 41 89.514
46 42 52.696
46 43 89.635
46 44 61.864
46 45 38.209
46 46 33.769
46 47 6.801
46 48 16.66
46 49 58.278
47 0 54.893
47 1 68.849
47 2 6.122
47 3 24.841
47 4 90.002
47 5 18.431
47 6 43.924
47 7 10.996
47 8 8.416
47 9 40.911
47 10 80.963
47 11 59.52
47 12 5.004
47 13 50.292
47 14 4.385
47 15 76.291
47 16 92.161
47 17 74.387
47 18 29.904
47 19 20.797
47 20 85.311
47 21 77.78
47 22 35.969
47 23 71.577
47 24 35.107
47 25 32.419
47 26 97.907
47 27 57.171
47 28 6.569
47 29 93.798
47 30 2.898
47 31 4.717
47 32 13.448
47 33 18.641
47 34 33.802
47 35 92.572
47 36 36.789
47 37 41.341
47 38 73.12
47 39 54.596
47 40 46.95
47 41 32.819
47 42 54.359
47 43 91.707
47 44 34.479
47 45 78.482
47 46 82.01
47 47 24.487
47 48 20.875
47 49 45.592
48 0 46.186
48 1 7.637
48 2 79.705
48 3 58.026
48 4 79.487
48 5 25.506
48 6 45.156
48 7 25.399
48 8 96.248
48 9 26.673
48 10 52.64
48 11 74.884
48 12 70.457
48 13 92.423
48 14 87.764
48 15 7.225
48 16 38.947
48 17 23.167
48 18 25.902
48 19 63.281
48 20 62.161
48 21 80.943
48 22 90.874
48 23 17.536
48 24 11.198
48 25 28.333
48 26 80.758
48 27 64.698
48 28 55.574
48 29 11.688
48 30 60.214
48 31 16.367
48 32 91.455
48 33 20.546
48 34 84.059
48 35 70.242
48 36 94.456
48 37 0.967
48 38 58.587
48 39 95.649
48 40 44.336
48 41 40.471
48 42 72.878
48 43 95.545
48 44 57.013
48 45 11.663
48 46 65.37
48 47 38.215
48 48 23.031
48 49 96.939
49 0 32.894
49 1 28.69
49 2 79.593
49 3 66.584
49 4 59.488
49 5 7.119
49 6 94.284
49 7 10.446
49 8 19.966
49 9 92.815
49 10 80.791
49 11 81.117
49 12 90.288
49 13 44.763
49 14 68.522
49 15 92.018
49 16 83.709
49 17 9.445
49 18 88.577
49 19 12.297
49 20 6.874
49 21 90.766
49 22 57.118
49 23 30.053
49 24 32.329
49 25 72.793
49 26 20.654
49 27 64.529
49 28 71.967
49 29 8.392
49 30 32.271
49 31 39.42
49 32 96.794
49 33 96.779
49 34 50.808
49 35 94.725
49 36 27.1
49 37 35.164
49 38 20.504
49 39 14.555
49 40 78.313
49 41 3.974
49 42 71.187
49 43 15.672
49 44 57.379
49 45 42.794
49 46 98.804
49 47 41.721
49 48 73.37
49 49 15.641
