25
0 0 44.541
0 1 92.013
0 2 34.175
0 3 40.352
0 4 87.473
0 5 50.621
0 6 0.033
0 7 38.313
0 8 87.566
0 9 32.744
0 10 35.497
0 11 33.112
0 12 33.181
0 13 37.394
0 14 56.866
0 15 58.676
0 16 86.539
0 17 29.925
0 18 81.685
0 19 89.548
0 20 34.738
0 21 51.271
0 22 42.561
0 23 67.562
0 24 58.486
1 0 85.298
1 1 15.02
1 2 4.479
1 3 14.913
1 4 90.315
1 5 70.022
1 6 48.214
1 7 82.845
1 8 16.492
1 9 59.913
1 10 49.988
1 11 66.873
1 12 7.745
1 13 18.729
1 14 4.123
1 15 82.194
1 16 50.252
1 17 87.848
1 18 94.516
1 19 37.37
1 20 78.534
1 21 9.946
1 22 13.731
1 23 40.745
1 24 97.996
2 0 94.276
2 1 28.713
2 2 87.839
2 3 81.814
2 4 52.008
2 5 38.084
2 6 0.308
2 7 6.868
2 8 50.502
2 9 11.951
2 10 1.065
2 11 7.457
2 12 55.935
2 13 31.354
2 14 45.775
2 15 45.967
2 16 74.691
2 17 60.37
2 18 56.98
2 19 71.486
2 20 78.906
2 21 55.196
2 22 20.669
2 23 21.552
2 24 55.763
3 0 85.693
3 1 52.142
3 2 96.484
3 3 4.811
3 4 89.303
3 5 93.936
3 6 56.665
3 7 95.476
3 8 36.377
3 9 53.633
3 10 32.258
3 11 70.444
3 12 82.571
3 13 55.823
3 14 14.868
3 15 24.536
3 16 31.266
3 17 48.311
3 18 51.607
3 19 60.757
3 20 5.398
3 21 21.51
3 22 2.053
3 23 16.936
3 24 82.705
4 0 27.248
4 1 24.087
4 2 11.785
4 3 53.532
4 4 48.515
4 5 14.871
4 6 74.865
4 7 67.726
4 8 54.727
4 9 49.216
4 10 23.808
4 11 36.975
4 12 45.789
4 13 56.028
4 14 97.068
4 15 81.575
4 16 56.828
4 17 83.297
4 18 2.552
4 19 5.859
4 20 77.877
4 21 42.746
4 22 19.011
4 23 62.557
4 24 30.886
5 0 32.068
5 1 53.049
5 2 33.822
5 3 16.488
5 4 27.126
5 5 58.316
5 6 65.727
5 7 44.627
5 8 45.331
5 9 85.216
5 10 93.184
5 11 38.316
5 12 71.812
5 13 48.908
5 14 95.68
5 15 91.641
5 16 93.06
5 17 36.513
5 18 21.153
5 19 26.805
5 20 59.809
5 21 4.466
5 22 12.867
5 23 38.738
5 24 55.084
6 0 47.494
6 1 30.224
6 2 57.392
6 3 60.793
6 4 29.242
6 5 67.716
6 6 57.843
6 7 2.69
6 8 27.024
6 9 48.267
6 10 72.053
6 11 87.187
6 12 0.162
6 13 1.338
6 14 53.665
6 15 74.617
6 16 10.285
6 17 64.106
6 18 5.373
6 19 21.277
6 20 80.842
6 21 79.684
6 22 38.737
6 23 63.386
6 24 34.666
7 0 79.463
7 1 57.866
7 2 83.703
7 3 58.825
7 4 11.324
7 5 98.013
7 6 16.322
7 7 99.635
7 8 72.027
7 9 32.394
7 10 44.356
7 11 80.913
7 12 60.812
7 13 45.514
7 14 69.981
7 15 82.739
7 16 74.127
7 17 69.817
7 18 16.62
7 19 96.707
7 20 99.213
7 21 36.982
7 22 74.808
7 23 84.003
7 24 48.886
8 0 13.724
8 1 96.854
8 2 66.807
8 3 43.573
8 4 91.244
8 5 94.3
8 6 97.17
8 7 79.079
8 8 22.784
8 9 51.831
8 10 79.666
8 11 9.417
8 12 44.493
8 13 96.326
8 14 89.301
8 15 86.465
8 16 79.327
8 17 87.514
8 18 33.243
8 19 23.078
8 20 85.952
8 21 82.758
8 22 16.996
8 23 76.367
8 24 59.128
9 0 7.862
9 1 3.739
9 2 27.8
9 3 10.783
9 4 61.508
9 5 2.535
9 6 9.731
9 7 59.473
9 8 53.121
9 9 50.157
9 10 39.622
9 11 49.66
9 12 5.524
9 13 25.568
9 14 34.242
9 15 59.702
9 16 32.444
9 17 61.075
9 18 37.962
9 19 51.695
9 20 16.298
9 21 64.638
9 22 71.422
9 23 48.135
9 24 32.375
10 0 94.791
10 1 46.407
10 2 76.203
10 3 62.995
10 4 71.117
10 5 76.554
10 6 82.757
10 7 16.204
10 8 22.189
10 9 22.366
10 10 86.492
10 11 40.807
10 12 21.573
10 13 50.221
10 14 16.028
10 15 11.102
10 16 2.469
10 17 24.94
10 18 74.746
10 19 75.694
10 20 10.765
10 21 14.072
10 22 75.913
10 23 74.482
10 24 31.243
11 0 3.534
11 1 25.578
11 2 8.669
11 3 46.022
11 4 2.681
11 5 17.081
11 6 14.047
11 7 96.634
11 8 40.135
11 9 56.048
11 10 46.192
11 11 58.452
11 12 50.672
11 13 48.059
11 14 22.686
11 15 0.408
11 16 37.31
11 17 57.575
11 18 9.627
11 19 4.571
11 20 24.812
11 21 28.984
11 22 4.352
11 23 6.271
11 24 9.738
12 0 28.32
12 1 90.963
12 2 79.484
12 3 90.127
12 4 85.222
12 5 54.585
12 6 43.072
12 7 61.64
12 8 50.744
12 9 66.441
12 10 51.416
12 11 49.864
12 12 84.519
12 13 2.274
12 14 68.511
12 15 13.626
12 16 85.539
12 17 83.927
12 18 33.867
12 19 69.407
12 20 48.83
12 21 86.56
12 22 75.841
12 23 97.824
12 24 57.925
13 0 96.443
13 1 81.467
13 2 67.177
13 3 22.535
13 4 36.594
13 5 86.62
13 6 44.083
13 7 33.784
13 8 61.677
13 9 40.103
13 10 22.187
13 11 83.203
13 12 47.948
13 13 4.88
13 14 29.561
13 15 8.332
13 16 46.861
13 17 70.065
13 18 17.356
13 19 7.608
13 20 15.85
13 21 72.564
13 22 77.708
13 23 98.405
13 24 94.232
14 0 35.334
14 1 81.951
14 2 4.222
14 3 30.324
14 4 28.713
14 5 9.802
14 6 70.313
14 7 67.293
14 8 58.986
14 9 20.476
14 10 60.151
14 11 52.811
14 12 2.647
14 13 21.18
14 14 64.238
14 15 93.721
14 16 90.079
14 17 49.023
14 18 39.497
14 19 53.942
14 20 87.1
14 21 88.501
14 22 38.35
14 23 93.26
14 24 62.897
15 0 81.389
15 1 44.237
15 2 93.715
15 3 50.513
15 4 19.651
15 5 35.431
15 6 84.247
15 7 82.848
15 8 20.366
15 9 50.721
15 10 88.616
15 11 78.74
15 12 28.117
15 13 25.923
15 14 62.852
15 15 21.769
15 16 56.06
15 17 60.403
15 18 15.606
15 19 29.865
15 20 46.379
15 21 21.992
15 22 44.046
15 23 81.771
15 24 44.308
16 0 81.78
16 1 40.691
16 2 94.444
16 3 63.118
16 4 50.555
16 5 59.304
16 6 58.727
16 7 63.153
16 8 22.785
16 9 63.599
16 10 38.346
16 11 95.749
16 12 51.263
16 13 18.472
16 14 2.469
16 15 59.671
16 16 78.774
16 17 88.963
16 18 77.981
16 19 92.423
16 20 64.014
16 21 97.965
16 22 76.092
16 23 23.674
16 24 14.79
17 0 32.418
17 1 63.96
17 2 50.142
17 3 60.265
17 4 26.405
17 5 89.008
17 6 10.416
17 7 24.332
17 8 77.138
17 9 20.472
17 10 46.808
17 11 22.627
17 12 60.468
17 13 56.688
17 14 46.045
17 15 34.648
17 16 39.302
17 17 41.645
17 18 21.228
17 19 55.467
17 20 61.029
17 21 52.115
17 22 98.289
17 23 65.704
17 24 24.158
18 0 84.68
18 1 2.262
18 2 97.369
18 3 54.244
18 4 60.107
18 5 54.999
18 6 23.298
18 7 11.61
18 8 3.742
18 9 62.637
18 10 37.293
18 11 96.089
18 12 12.73
18 13 27.724
18 14 17.069
18 15 11.786
18 16 15.165
18 17 22.506
18 18 98.546
18 19 76.631
18 20 87.332
18 21 38.784
18 22 5.168
18 23 81.719
18 24 75.543
19 0 92.024
19 1 12.256
19 2 86.788
19 3 68.177
19 4 46.753
19 5 56.125
19 6 12.817
19 7 8.658
19 8 77.953
19 9 26.151
19 10 15.624
19 11 6.295
19 12 61.646
19 13 5.855
19 14 84.04
19 15 14.434
19 16 16.721
19 17 25.178
19 18 66.753
19 19 54.334
19 20 69.941
19 21 45.488
19 22 36.123
19 23 75.773
19 24 26.869
20 0 18.308
20 1 77.576
20 2 18.245
20 3 56.759
20 4 52.558
20 5 23.144
20 6 32.952
20 7 65.665
20 8 60.082
20 9 28.595
20 10 54.456
20 11 19.266
20 12 45.372
20 13 88.56
20 14 53.075
20 15 83.988
20 16 30.583
20 17 24.898
20 18 49.908
20 19 45.936
20 20 56.763
20 21 74.815
20 22 93.674
20 23 99.336
20 24 86.913
21 0 13.696
21 1 7.811
21 2 90.558
21 3 55.228
21 4 27.953
21 5 13.139
21 6 20.004
21 7 22.443
21 8 41.442
21 9 12.597
21 10 99.423
21 11 55.844
21 12 71.795
21 13 64.259
21 14 77.956
21 15 64.483
21 16 10.757
21 17 33.756
21 18 79.565
21 19 45.299
21 20 78.544
21 21 23.917
21 22 74.24
21 23 23.879
21 24 82.554
22 0 48.917
22 1 96.229
22 2 31.904
22 3 21.242
22 4 77.353
22 5 16.507
22 6 32.741
22 7 43.72
22 8 4.292
22 9 46.745
22 10 26.652
22 11 53.954
22 12 44.132
22 13 35.997
22 14 18.661
22 15 44.56
22 16 0.437
22 17 59.898
22 18 27.609
22 19 39.045
22 20 18.285
22 21 63.546
22 22 77.361
22 23 69.276
22 24 37.531
23 0 35.571
23 1 12.232
23 2 82.357
23 3 24.87
23 4 70.506
23 5 56.888
23 6 79.004
23 7 96.849
23 8 53.206
23 9 50.16
23 10 54.437
23 11 91.732
23 12 60.499
23 13 0.966
23 14 67.363
23 15 83.243
23 16 40.679
23 17 72.135
23 18 5.819
23 19 24.532
23 20 87.195
23 21 23.506
23 22 13.979
23 23 68.526
23 24 8.63
24 0 13.379
24 1 95.369
24 2 89.837
24 3 33.053
24 4 22.667
24 5 83.161
24 6 9.326
24 7 88.614
24 8 51.917
24 9 45.65
24 10 85.193
24 11 54.443
24 12 79.526
24 13 8.143
24 14 35.777
24 15 32.083
24 16 43.903
24 17 8.234
24 18 19.776
24 19 17.814
24 20 26.676
24 21 80.503
24 22 32.05
24 23 68.455
24 24 74.708
