50
0 0 83.39
0 1 23.309
0 2 78.192
0 3 23.07
0 4 73.873
0 5 58.847
0 6 10.961
0 7 49.044
0 8 1.943
0 9 45.026
0 10 69.944
0 11 77.047
0 12 37.622
0 13 66.179
0 14 75.375
0 15 70.743
0 16 85.206
0 17 43.967
0 18 34.865
0 19 95.638
0 20 63.018
0 21 63.86
0 22 12.338
0 23 63.412
0 24 72.425
0 25 27.994
0 26 27.637
0 27 65.149
0 28 12.757
0 29 73.316
0 30 12.424
0 31 18.595
0 32 97.469
0 33 39.747
0 34 91.446
0 35 83.427
0 36 29.016
0 37 70.394
0 38 60.555
0 39 30.638
0 40 43.196
0 41 62.542
0 42 81.196
0 43 11.295
0 44 76.879
0 45 50.441
0 46 66.96
0 47 29.404
0 48 71.33
0 49 66.388
1 0 27.908
1 1 99.74
1 2 41.326
1 3 39.091
1 4 71.183
1 5 25.794
1 6 77.561
1 7 16.02
1 8 17.798
1 9 39.123
1 10 58.745
1 11 77.049
1 12 43.983
1 13 33.208
1 14 3.039
1 15 1.552
1 16 42.215
1 17 27.15
1 18 63.427
1 19 74.829
1 20 55.202
1 21 11.783
1 22 17.619
1 23 8.598
1 24 13.301
1 25 19.213
1 26 50.444
1 27 48.116
1 28 58.444
1 29 20.348
1 30 82.863
1 31 28.494
1 32 30.344
1 33 43.407
1 34 86.821
1 35 88.091
1 36 88.653
1 37 84.14
1 38 33.309
1 39 87.232
1 40 3.715
1 41 32.765
1 42 70.553
1 43 57.947
1 44 84.346
1 45 67.79
1 46 91.899
1 47 60.821
1 48 46.723
1 49 52.625
2 0 47.807
2 1 87.67
2 2 67.884
2 3 76.283
2 4 75.243
2 5 26.498
2 6 53.348
2 7 98.242
2 8 0.755
2 9 96.636
2 10 66.335
2 11 43.108
2 12 20.763
2 13 3.525
2 14 5.558
2 15 51.931
2 16 55.344
2 17 44.597
2 18 73.108
2 19 69.466
2 20 51.684
2 21 29.832
2 22 92.292
2 23 80.724
2 24 73.647
2 25 36.787
2 26 49.523
2 27 76.001
2 28 67.743
2 29 56.037
2 30 65.092
2 31 16.967
2 32 78.412
2 33 23.862
2 34 79.112
2 35 21.532
2 36 72.052
2 37 38.152
2 38 32.903
2 39 59.027
2 40 29.044
2 41 64.6
2 42 50.63
2 43 19.32
2 44 28.946
2 45 95.318
2 46 69.048
2 47 51.911
2 48 85.114
2 49 11.28
3 0 40.931
3 1 34.868
3 2 99.295
3 3 98.087
3 4 51.23
3 5 75.645
3 6 21.95
3 7 18.9
3 8 16.094
3 9 14.729
3 10 9.954
3 11 5.398
3 12 94.364
3 13 54.313
3 14 72.224
3 15 38.243
3 16 52.292
3 17 24.695
3 18 4.892
3 19 78.997
3 20 15.725
3 21 62.847
3 22 20.787
3 23 56.599
3 24 79.974
3 25 1.211
3 26 77.531
3 27 15.985
3 28 1.637
3 29 42.221
3 30 31.31
3 31 60.395
3 32 66.394
3 33 99.117
3 34 63.675
3 35 10.77
3 36 30.092
3 37 18.61
3 38 29.38
3 39 3.791
3 40 60.35
3 41 83.82
3 42 1.325
3 43 56.356
3 44 98.878
3 45 72.779
3 46 65.637
3 47 41.169
3 48 53.256
3 49 2.294
4 0 58.502
4 1 59.343
4 2 91.82
4 3 8.579
4 4 11.471
4 5 29.17
4 6 32.764
4 7 98.091
4 8 78.694
4 9 35.119
4 10 26.442
4 11 36.949
4 12 73.99
4 13 32.283
4 14 54.292
4 15 24.657
4 16 62.618
4 17 71.945
4 18 54.329
4 19 96.374
4 20 96.186
4 21 63.147
4 22 31.996
4 23 0.066
4 24 3.596
4 25 58.209
4 26 62.17
4 27 17.399
4 28 47.371
4 29 42.104
4 30 69.265
4 31 73.668
4 32 81.548
4 33 79.143
4 34 82.866
4 35 67.1
4 36 50.31
4 37 12.947
4 38 19.773
4 39 29.678
4 40 15.366
4 41 70.226
4 42 85.792
4 43 41.333
4 44 65.114
4 45 57.879
4 46 5.755
4 47 21.774
4 48 27.014
4 49 72.566
5 0 24.027
5 1 90.494
5 2 31.529
5 3 39.718
5 4 1.776
5 5 62.424
5 6 76.256
5 7 22.314
5 8 26.428
5 9 57.093
5 10 1.002
5 11 71.242
5 12 17.31
5 13 75.768
5 14 29.74
5 15 56.95
5 16 71.912
5 17 24.554
5 18 86.449
5 19 53.635
5 20 2.813
5 21 84.489
5 22 10.248
5 23 30.082
5 24 79.155
5 25 68.976
5 26 8.053
5 27 26.558
5 28 95.845
5 29 45.917
5 30 38.883
5 31 77.251
5 32 93.291
5 33 91.563
5 34 21.191
5 35 11.927
5 36 19.38
5 37 2.525
5 38 84.222
5 39 23.255
5 40 23.87
5 41 61.712
5 42 54.982
5 43 37.016
5 44 94.291
5 45 59.542
5 46 79.226
5 47 44.79
5 48 71.677
5 49 10.355
6 0 91.638
6 1 40.975
6 2 13.79
6 3 76.489
6 4 89.807
6 5 91.126
6 6 89.051
6 7 49.029
6 8 1.385
6 9 14.959
6 10 54.491
6 11 39.094
6 12 99.182
6 13 65.5
6 14 0.552
6 15 12.248
6 16 44.94
6 17 22.258
6 18 56.532
6 19 71.423
6 20 41.373
6 21 20.162
6 22 41.327
6 23 18.452
6 24 33.659
6 25 63.873
6 26 24.656
6 27 79.113
6 28 27.412
6 29 6.271
6 30 31.512
6 31 0.863
6 32 21.901
6 33 34.931
6 34 78.431
6 35 2.929
6 36 84.548
6 37 47.052
6 38 11.709
6 39 67.398
6 40 83.901
6 41 35.11
6 42 5.138
6 43 29.968
6 44 4.111
6 45 88.962
6 46 15.335
6 47 93.269
6 48 80.855
6 49 3.122
7 0 76.215
7 1 46.679
7 2 82.025
7 3 78.14
7 4 89.59
7 5 2.852
7 6 0.945
7 7 54.203
7 8 35.419
7 9 18.632
7 10 65.588
7 11 20.714
7 12 12.949
7 13 37.626
7 14 94.52
7 15 94.699
7 16 35.693
7 17 23.912
7 18 56.802
7 19 74.057
7 20 63.299
7 21 37.781
7 22 82.171
7 23 55.303
7 24 63.406
7 25 99.506
7 26 86.489
7 27 78.268
7 28 64.103
7 29 20.958
7 30 15.253
7 31 49.463
7 32 66.255
7 33 47.319
7 34 5.019
7 35 16.551
7 36 79.359
7 37 92.15
7 38 42.836
7 39 4.552
7 40 47.825
7 41 14.994
7 42 59.34
7 43 58.21
7 44 23.406
7 45 90.051
7 46 37.664
7 47 66.982
7 48 56.465
7 49 43.851
8 0 79.413
8 1 52.47
8 2 62.403
8 3 7.847
8 4 11.287
8 5 65.055
8 6 36.532
8 7 40.067
8 8 38.845
8 9 67.157
8 10 17.515
8 11 65.115
8 12 29.732
8 13 30.046
8 14 24.234
8 15 32.406
8 16 91.298
8 17 65.113
8 18 59.091
8 19 6.967
8 20 60.187
8 21 82.579
8 22 2.175
8 23 43.027
8 24 83.692
8 25 69.06
8 26 75.911
8 27 8.111
8 28 86.583
8 29 38.328
8 30 93.849
8 31 43.949
8 32 91.747
8 33 76.148
8 34 33.573
8 35 89.023
8 36 90.623
8 37 33.273
8 38 27.153
8 39 76.807
8 40 43.674
8 41 59.16
8 42 7.002
8 43 15.662
8 44 13.18
8 45 47.564
8 46 92.856
8 47 22.295
8 48 9.148
8 49 80.494
9 0 56.339
9 1 37.107
9 2 12.049
9 3 88.262
9 4 67.411
9 5 95.554
9 6 71.87
9 7 38.591
9 8 95.723
9 9 61.833
9 10 49.815
9 11 12.712
9 12 51.959
9 13 96.254
9 14 37.585
9 15 65.757
9 16 94.658
9 17 29.894
9 18 44.936
9 19 55.806
9 20 81.196
9 21 86.674
9 22 67.562
9 23 19.762
9 24 6.06
9 25 81.053
9 26 81.517
9 27 54.871
9 28 32.343
9 29 66.113
9 30 4.627
9 31 20.131
9 32 34.925
9 33 8.078
9 34 74.262
9 35 94.887
9 36 78.084
9 37 93.321
9 38 53.769
9 39 72.621
9 40 58.228
9 41 76.724
9 42 89.313
9 43 91.089
9 44 28.127
9 45 48.701
9 46 99.186
9 47 88.849
9 48 29.872
9 49 24.879
10 0 70.868
10 1 15.696
10 2 96.622
10 3 90.333
10 4 95.348
10 5 38.968
10 6 30.124
10 7 74.605
10 8 78.154
10 9 21.76
10 10 51.041
10 11 89.125
10 12 82.015
10 13 43.931
10 14 24.581
10 15 43.292
10 16 22.255
10 17 27.629
10 18 46.096
10 19 32.439
10 20 31.366
10 21 55.091
10 22 19.186
10 23 90.222
10 24 48.038
10 25 60.055
10 26 59.358
10 27 23.365
10 28 24.398
10 29 8.838
10 30 67.58
10 31 74.909
10 32 65.666
10 33 24.41
10 34 23.348
10 35 70.689
10 36 56.765
10 37 86.669
10 38 14.321
10 39 31.54
10 40 50.9
10 41 5.548
10 42 89.38
10 43 66.16
10 44 9.078
10 45 56.152
10 46 37.205
10 47 57.994
10 48 93.905
10 49 45.774
11 0 35.34
11 1 71.925
11 2 93.212
11 3 31.666
11 4 80.718
11 5 97.33
11 6 34.468
11 7 68.421
11 8 46.142
11 9 89.721
11 10 13.48
11 11 41.186
11 12 65.722
11 13 80.811
11 14 36.801
11 15 91.689
11 16 18.939
11 17 3.625
11 18 26.918
11 19 48.468
11 20 46.162
11 21 22.391
11 22 0.252
11 23 90.59
11 24 64.836
11 25 35.525
11 26 10.04
11 27 98.973
11 28 11.134
11 29 73.256
11 30 22.103
11 31 61.338
11 32 15.109
11 33 28.804
11 34 2.366
11 35 79.364
11 36 39.457
11 37 76.069
11 38 54.003
11 39 10.022
11 40 58.812
11 41 7.253
11 42 58.98
11 43 20.37
11 44 50.574
11 45 38.514
11 46 75.221
11 47 88.499
11 48 88.537
11 49 6.317
12 0 47.321
12 1 86.782
12 2 22.949
12 3 12.133
12 4 56.13
12 5 74.699
12 6 6.592
12 7 18.986
12 8 41.517
12 9 65.144
12 10 72.624
12 11 66.881
12 12 26.093
12 13 47.964
12 14 24.056
12 15 54.06
12 16 38.152
12 17 19.25
12 18 70.626
12 19 34.046
12 20 12.816
12 21 20.913
12 22 49.581
12 23 14.378
12 24 15.985
12 25 33.119
12 26 16.323
12 27 53.561
12 28 58.628
12 29 88.658
12 30 29.568
12 31 93.031
12 32 5.376
12 33 91.052
12 34 64.629
12 35 36.132
12 36 42.422
12 37 22.74
12 38 95.958
12 39 94.486
12 40 73.567
12 41 58.533
12 42 79.683
12 43 39.354
12 44 37.71
12 45 74.692
12 46 95.998
12 47 19.625
12 48 59.468
12 49 53.11
13 0 14.909
13 1 74.909
13 2 18.262
13 3 64.304
13 4 75.094
13 5 26.681
13 6 37.915
13 7 6.281
13 8 28.271
13 9 8.359
13 10 75.797
13 11 51.297
13 12 74.114
13 13 21.248
13 14 84.08
13 15 29.443
13 16 74.997
13 17 35.515
13 18 30.095
13 19 10.216
13 20 10.095
13 21 61.757
13 22 12.621
13 23 89.751
13 24 49.563
13 25 64.576
13 26 21.869
13 27 51.184
13 28 92.949
13 29 73.534
13 30 72.602
13 31 89.236
13 32 82.336
13 33 54.057
13 34 72.167
13 35 89.088
13 36 86.78
13 37 21.621
13 38 61.806
13 39 39.011
13 40 41.645
13 41 89.522
13 42 30.34
13 43 55.137
13 44 32.073
13 45 35.603
13 46 50.61
13 47 59.578
13 48 25.406
13 49 84.756
14 0 77.1
14 1 94.081
14 2 48.797
14 3 42.164
14 4 27.689
14 5 92.763
14 6 25.861
14 7 0.85
14 8 72.86
14 9 33.126
14 10 22.2
14 11 9.148
14 12 4.245
14 13 97.789
14 14 16.456
14 15 46.307
14 16 39.599
14 17 73.884
14 18 64.002
14 19 51.554
14 20 53.763
14 21 78.662
14 22 20.581
14 23 6.134
14 24 49.833
14 25 75.913
14 26 10.247
14 27 68.499
14 28 82.074
14 29 29.702
14 30 84.276
14 31 75.223
14 32 82.947
14 33 20.991
14 34 80.931
14 35 62.309
14 36 10.069
14 37 35.974
14 38 3.2
14 39 77.037
14 40 33.695
14 41 79.813
14 42 37.728
14 43 86.706
14 44 84.682
14 45 89.484
14 46 19.047
14 47 71.141
14 48 29.592
14 49 38.395
15 0 53.132
15 1 99.623
15 2 56.044
15 3 43.055
15 4 20.31
15 5 58.216
15 6 53.759
15 7 68.281
15 8 46.41
15 9 82.993
15 10 31.914
15 11 76.795
15 12 34.22
15 13 58.822
15 14 56.885
15 15 22.642
15 16 55.945
15 17 88.297
15 18 73.983
15 19 19.115
15 20 60.34
15 21 2.682
15 22 25.262
15 23 35.318
15 24 13.9
15 25 97.268
15 26 33.544
15 27 43.587
15 28 7.351
15 29 64.041
15 30 56.039
15 31 75.071
15 32 7.535
15 33 7.049
15 34 45.241
15 35 68.44
15 36 83.799
15 37 97.756
15 38 21.049
15 39 51.857
15 40 44.941
15 41 56.907
15 42 85.237
15 43 43.404
15 44 6.15
15 45 27.281
15 46 16.011
15 47 56.236
15 48 70.655
15 49 34.61
16 0 42.396
16 1 13.959
16 2 3.869
16 3 2.302
16 4 17.622
16 5 69.685
16 6 37.523
16 7 71.52
16 8 7.694
16 9 53.955
16 10 42.39
16 11 76.719
16 12 74.176
16 13 53.547
16 14 63.852
16 15 73.169
16 16 34.058
16 17 81.44
16 18 79.384
16 19 34.811
16 20 38.845
16 21 74.963
16 22 7.904
16 23 62.881
16 24 65.995
16 25 66.943
16 26 97.996
16 27 46.128
16 28 54.84
16 29 98.98
16 30 41.241
16 31 1.856
16 32 47.837
16 33 65.582
16 34 96.265
16 35 62.103
16 36 40.492
16 37 94.964
16 38 1.644
16 39 21.533
16 40 50.556
16 41 18.495
16 42 34.809
16 43 0.384
16 44 37.576
16 45 99.56
16 46 68.486
16 47 54.626
16 48 62.663
16 49 82.997
17 0 5.093
17 1 55.511
17 2 70.683
17 3 60.965
17 4 8.44
17 5 1.603
17 6 59.018
17 7 60.185
17 8 24.608
17 9 46.885
17 10 34.779
17 11 6.251
17 12 7.037
17 13 55.686
17 14 33.979
17 15 76.341
17 16 95.389
17 17 68.724
17 18 0.918
17 19 66.871
17 20 99.266
17 21 84.704
17 22 25.915
17 23 64.931
17 24 8.618
17 25 63.148
17 26 50.441
17 27 25.833
17 28 36.925
17 29 19.314
17 30 5.077
17 31 29.268
17 32 13.584
17 33 43.488
17 34 2.256
17 35 95.044
17 36 22.494
17 37 74.252
17 38 33.475
17 39 15.377
17 40 31.766
17 41 97.183
17 42 87.998
17 43 83.548
17 44 60.357
17 45 80.969
17 46 96.856
17 47 87.044
17 48 90.979
17 49 71.297
18 0 63.445
18 1 38.626
18 2 23.583
18 3 62.204
18 4 30.664
18 5 66.137
18 6 20.994
18 7 76.604
18 8 84.962
18 9 28.176
18 10 39.384
18 11 87.748
18 12 29.882
18 13 45.324
18 14 63.064
18 15 94.067
18 16 46.523
18 17 49.876
18 18 84.416
18 19 62.688
18 20 96.199
18 21 37.194
18 22 91.899
18 23 2.53
18 24 74.212
18 25 84.775
18 26 89.273
18 27 15.558
18 28 36.359
18 29 78.932
18 30 52.19
18 31 7.24
18 32 84.74
18 33 61.301
18 34 2.819
18 35 47.248
18 36 48.599
18 37 21.458
18 38 41.057
18 39 64.792
18 40 8.475
18 41 7.453
18 42 9.625
18 43 43.554
18 44 16.648
18 45 91.206
18 46 64.081
18 47 44.333
18 48 53.922
18 49 53.411
19 0 19.545
19 1 37.66
19 2 79.883
19 3 81.606
19 4 11.621
19 5 58.224
19 6 77.436
19 7 74.633
19 8 72.077
19 9 6.016
19 10 36.621
19 11 5.04
19 12 15.588
19 13 11.677
19 14 52.318
19 15 63.868
19 16 62.325
19 17 96.492
19 18 69.997
19 19 64.709
19 20 62.735
19 21 62.769
19 22 82.609
19 23 40.895
19 24 45.219
19 25 75.862
19 26 21.144
19 27 93.503
19 28 13.46
19 29 97.55
19 30 60.833
19 31 38.567
19 32 58.816
19 33 52.624
19 34 98.192
19 35 43.47
19 36 31.371
19 37 44.207
19 38 22.506
19 39 71.767
19 40 41.204
19 41 32.078
19 42 69.371
19 43 3.333
19 44 63.949
19 45 63.805
19 46 90.957
19 47 47.53
19 48 11.853
19 49 45.76
20 0 76.355
20 1 13.693
20 2 9.416
20 3 96.967
20 4 69.578
20 5 7.287
20 6 72.548
20 7 30.007
20 8 93.217
20 9 43.195
20 10 13.858
20 11 2.609
20 12 29.052
20 13 40.38
20 14 65.383
20 15 75.059
20 16 78.557
20 17 84.87
20 18 71.236
20 19 85.375
20 20 12.273
20 21 75.735
20 22 5.899
20 23 51.52
20 24 30.309
20 25 28.088
20 26 17.182
20 27 53.331
20 28 65.819
20 29 67.974
20 30 29.158
20 31 53.057
20 32 71.938
20 33 30.1
20 34 58.35
20 35 46.612
20 36 84.298
20 37 69.26
20 38 52.261
20 39 82.641
20 40 57.604
20 41 72.705
20 42 26.419
20 43 54.74
20 44 59.257
20 45 33.372
20 46 23.95
20 47 48.003
20 48 59.903
20 49 36.768
21 0 29.219
21 1 24.051
21 2 58.96
21 3 0.336
21 4 85.292
21 5 48.709
21 6 76.561
21 7 56.753
21 8 35.502
21 9 54.12
21 10 17.38
21 11 25.815
21 12 64.66
21 13 5.48
21 14 46.51
21 15 42.338
21 16 10.249
21 17 26.15
21 18 85.172
21 19 91.656
21 20 91.735
21 21 85.131
21 22 37.842
21 23 6.041
21 24 14.749
21 25 3.314
21 26 70.481
21 27 51.094
21 28 58.25
21 29 92.672
21 30 87.733
21 31 32.086
21 32 11.788
21 33 98.902
21 34 25.778
21 35 71.594
21 36 15.814
21 37 85.937
21 38 5.245
21 39 9.078
21 40 1.009
21 41 68.046
21 42 71.695
21 43 56.329
21 44 21.926
21 45 0.449
21 46 34.917
21 47 77.149
21 48 50.31
21 49 72.435
22 0 92.828
22 1 66.04
22 2 21.072
22 3 16.386
22 4 9.873
22 5 21.07
22 6 99.039
22 7 4.008
22 8 54.781
22 9 61.516
22 10 84.928
22 11 33.31
22 12 11.517
22 13 53.552
22 14 39.212
22 15 22.35
22 16 43.743
22 17 16.12
22 18 97.096
22 19 4.497
22 20 35.813
22 21 90.232
22 22 70.813
22 23 80.796
22 24 79.318
22 25 84.405
22 26 46.179
22 27 25.857
22 28 76.656
22 29 13.593
22 30 69.558
22 31 54.67
22 32 58.02
22 33 35.327
22 34 3.501
22 35 71.375
22 36 28.156
22 37 59.958
22 38 87.07
22 39 5.394
22 40 7.287
22 41 63.445
22 42 75.539
22 43 3.863
22 44 92.499
22 45 86.477
22 46 71.509
22 47 89.432
22 48 1.563
22 49 50.87
23 0 17.806
23 1 66.415
23 2 22.913
23 3 31.424
23 4 43.589
23 5 94.856
23 6 43.262
23 7 1.422
23 8 1.458
23 9 82.791
23 10 65.615
23 11 92.36
23 12 50.751
23 13 37.688
23 14 34.413
23 15 36.936
23 16 7.737
23 17 28.519
23 18 65.313
23 19 82.995
23 20 2.943
23 21 20.441
23 22 37.973
23 23 64.658
23 24 5.997
23 25 40.908
23 26 34.282
23 27 30.321
23 28 56.67
23 29 40.124
23 30 56.155
23 31 26.605
23 32 81.012
23 33 64.662
23 34 69.288
23 35 29.388
23 36 87.474
23 37 22.247
23 38 80.552
23 39 48.847
23 40 83.088
23 41 3.049
23 42 51.687
23 43 0.1
23 44 8.137
23 45 66.821
23 46 37.82
23 47 90.486
23 48 52.279
23 49 57.358
24 0 53.241
24 1 40.287
24 2 49.691
24 3 75.036
24 4 30.935
24 5 85.971
24 6 13.828
24 7 95.286
24 8 68.513
24 9 30.803
24 10 56.543
24 11 82.299
24 12 78.674
24 13 89.862
24 14 51.031
24 15 36.02
24 16 13.985
24 17 52.149
24 18 4.768
24 19 86.303
24 20 27.604
24 21 85.823
24 22 76.501
24 23 24.961
24 24 79.705
24 25 7.411
24 26 22.356
24 27 99.18
24 28 94.181
24 29 51.233
24 30 30.39
24 31 1.772
24 32 41.067
24 33 62.454
24 34 4.313
24 35 30.101
24 36 52.963
24 37 19.303
24 38 28.555
24 39 50.73
24 40 53.04
24 41 33.871
24 42 71.644
24 43 89.877
24 44 91.733
24 45 40.111
24 46 70.089
24 47 62.301
24 48 74.017
24 49 15.471
25 0 65.916
25 1 18.398
25 2 93.893
25 3 25.803
25 4 15.343
25 5 3.945
25 6 78.798
25 7 3.222
25 8 82.03
25 9 36.712
25 10 85.872
25 11 30.68
25 12 12.381
25 13 22.187
25 14 42.903
25 15 15.251
25 16 60.951
25 17 63.35
25 18 42.418
25 19 80.432
25 20 81.044
25 21 51.59
25 22 45.463
25 23 47.341
25 24 13.485
25 25 32.359
25 26 89.463
25 27 99.095
25 28 87.96
25 29 92.051
25 30 89.931
25 31 72.945
25 32 57.914
25 33 44.56
25 34 28.503
25 35 81.411
25 36 8.988
25 37 85.035
25 38 1.059
25 39 35.318
25 40 68.079
25 41 5.617
25 42 76.011
25 43 52.745
25 44 54.262
25 45 27.5
25 46 98.66
25 47 28.924
25 48 78.954
25 49 28.02
26 0 17.283
26 1 18.932
26 2 55.676
26 3 9.92
26 4 83.638
26 5 67.341
26 6 19.503
26 7 7.143
26 8 55.585
26 9 66.326
26 10 15.836
26 11 97.775
26 12 1.791
26 13 29.069
26 14 40.225
26 15 75.466
26 16 76.783
26 17 33.336
26 18 76.096
26 19 0.411
26 20 36.301
26 21 95.983
26 22 32.571
26 23 54.173
26 24 21.039
26 25 63.517
26 26 99.112
26 27 56.283
26 28 56.203
26 29 35.99
26 30 76.829
26 31 94.25
26 32 95.537
26 33 99.201
26 34 25.916
26 35 18.503
26 36 29.76
26 37 88.254
26 38 63.163
26 39 85.165
26 40 67.491
26 41 75.681
26 42 30.348
26 43 99.308
26 44 82.808
26 45 70.683
26 46 67.002
26 47 38.337
26 48 53.273
26 49 37.962
27 0 7.403
27 1 12.321
27 2 66.695
27 3 12.928
27 4 14.386
27 5 86.059
27 6 35.554
27 7 90.623
27 8 60.105
27 9 53.307
27 10 77.814
27 11 24.099
27 12 46.612
27 13 17.672
27 14 22.893
27 15 11.714
27 16 19.367
27 17 70.185
27 18 49.876
27 19 81.171
27 20 47.055
27 21 50.968
27 22 82.092
27 23 71.212
27 24 12.434
27 25 98.035
27 26 57.192
27 27 12.789
27 28 58.477
27 29 3.914
27 30 68.498
27 31 50.526
27 32 81.589
27 33 81.768
27 34 70.271
27 35 74.029
27 36 54.943
27 37 87.318
27 38 57.155
27 39 15.956
27 40 22.5
27 41 15.065
27 42 98.921
27 43 57.048
27 44 55.484
27 45 31.174
27 46 54.506
27 47 0.225
27 48 25.556
27 49 57.612
28 0 93.116
28 1 84.945
28 2 66.768
28 3 69.438
28 4 88.549
28 5 61.342
28 6 86.094
28 7 88.598
28 8 42.432
28 9 25.078
28 10 24.572
28 11 89.097
28 12 25.558
28 13 45.318
28 14 52.592
28 15 6.902
28 16 30.411
28 17 65.614
28 18 71.73
28 19 51.514
28 20 65.665
28 21 76.142
28 22 33.822
28 23 81.894
28 24 19.125
28 25 82.448
28 26 70.346
28 27 50.261
28 28 5.339
28 29 63.759
28 30 43.727
28 31 47.153
28 32 50.492
28 33 75.915
28 34 25.316
28 35 94.392
28 36 3.754
28 37 46.154
28 38 52.976
28 39 57.604
28 40 25.994
28 41 49.928
28 42 90.479
28 43 31.685
28 44 84.538
28 45 95.922
28 46 58.799
28 47 80.673
28 48 35.414
28 49 36.511
29 0 92.462
29 1 33.924
29 2 60.096
29 3 60.762
29 4 73.64
29 5 22.195
29 6 90.572
29 7 50.453
29 8 87.793
29 9 20.122
29 10 21.504
29 11 42.931
29 12 99.942
29 13 83.832
29 14 43.517
29 15 47.406
29 16 12.639
29 17 18.523
29 18 98.612
29 19 3.684
29 20 57.698
29 21 23.438
29 22 90.14
29 23 60.386
29 24 88.429
29 25 86.774
29 26 17.143
29 27 7.539
29 28 53.256
29 29 94.57
29 30 22.396
29 31 82.743
29 32 29.506
29 33 97.731
29 34 87.43
29 35 40.637
29 36 14.623
29 37 93.015
29 38 95.924
29 39 19.232
29 40 38.053
29 41 86.712
29 42 78.776
29 43 14.805
29 44 70.429
29 45 85.628
29 46 79.831
29 47 35.008
29 48 27.54
29 49 35.63
30 0 5.602
30 1 34.1
30 2 3.508
30 3 22.459
30 4 58.727
30 5 70.507
30 6 75.05
30 7 41.415
30 8 95.399
30 9 56.867
30 10 58.322
30 11 49.398
30 12 59.213
30 13 13.921
30 14 5.878
30 15 73.669
30 16 49.038
30 17 22.678
30 18 59.576
30 19 42.329
30 20 78.707
30 21 60.741
30 22 50.478
30 23 75.976
30 24 95.769
30 25 36.736
30 26 49.961
30 27 88.872
30 28 39.123
30 29 55.352
30 30 68.033
30 31 95.455
30 32 54.654
30 33 93.975
30 34 49.917
30 35 75.479
30 36 47.437
30 37 37.379
30 38 44.015
30 39 22.898
30 40 79.966
30 41 99.466
30 42 72.166
30 43 75.17
30 44 82.993
30 45 24.326
30 46 70.413
30 47 44.935
30 48 38.759
30 49 98.642
31 0 62.347
31 1 76.987
31 2 47.333
31 3 96.801
31 4 85.267
31 5 17.148
31 6 35.17
31 7 2.589
31 8 98.682
31 9 50.21
31 10 31.526
31 11 34.141
31 12 73.697
31 13 48.201
31 14 67.815
31 15 53.112
31 16 56.649
31 17 48.86
31 18 6.414
31 19 28.517
31 20 96.509
31 21 98.441
31 22 20.29
31 23 8.16
31 24 18.555
31 25 10.37
31 26 38.388
31 27 11.302
31 28 69.508
31 29 33.906
31 30 91.844
31 31 67.465
31 32 35.064
31 33 52.82
31 34 14.442
31 35 4.854
31 36 30.017
31 37 74.818
31 38 1.886
31 39 86.446
31 40 5.575
31 41 7.366
31 42 79.267
31 43 31.453
31 44 62.371
31 45 33.57
31 46 67.702
31 47 42.636
31 48 16.768
31 49 88.115
32 0 95.828
32 1 85.165
32 2 88.426
32 3 29.722
32 4 25.005
32 5 36.736
32 6 36.138
32 7 93.791
32 8 81.994
32 9 70.404
32 10 76.228
32 11 63.667
32 12 31.647
32 13 7.297
32 14 70.25
32 15 22.101
32 16 94.191
32 17 37.418
32 18 92.168
32 19 75.626
32 20 95.891
32 21 98.165
32 22 33.308
32 23 49.433
32 24 89.424
32 25 26.96
32 26 58.567
32 27 21.699
32 28 69.732
32 29 46.587
32 30 97.144
32 31 90.172
32 32 13.595
32 33 79.766
32 34 25.159
32 35 88.102
32 36 80.024
32 37 69.506
32 38 32.373
32 39 85.981
32 40 62.606
32 41 4.056
32 42 93.504
32 43 85.737
32 44 88.517
32 45 62.038
32 46 74.462
32 47 85.139
32 48 60.146
32 49 4.083
33 0 61.663
33 1 95.766
33 2 69.929
33 3 79.271
33 4 85.725
33 5 76.279
33 6 56.779
33 7 71.406
33 8 47.381
33 9 75.148
33 10 98.612
33 11 84.502
33 12 75.346
33 13 31.087
33 14 52.474
33 15 32.252
33 16 49.473
33 17 85.536
33 18 38.086
33 19 69.711
33 20 57.929
33 21 91.613
33 22 94.007
33 23 54.195
33 24 72.684
33 25 15.026
33 26 88.038
33 27 24.951
33 28 71.681
33 29 41.211
33 30 82.408
33 31 17.552
33 32 72.828
33 33 74.599
33 34 69.985
33 35 29.059
33 36 24.21
33 37 43.923
33 38 78.307
33 39 21.545
33 40 11.541
33 41 31.024
33 42 87.266
33 43 40.912
33 44 3.058
33 45 67.261
33 46 71.996
33 47 35.344
33 48 10.167
33 49 18.316
34 0 91.978
34 1 24.364
34 2 79.33
34 3 69.01
34 4 56.415
34 5 89.944
34 6 73.383
34 7 25.737
34 8 4.721
34 9 73.52
34 10 24.508
34 11 78.985
34 12 28.337
34 13 33.369
34 14 41.652
34 15 29.287
34 16 19.672
34 17 16.234
34 18 28.265
34 19 27.635
34 20 79.724
34 21 43.388
34 22 83.775
34 23 78.67
34 24 23.54
34 25 66.908
34 26 23.003
34 27 14.507
34 28 4.907
34 29 13.081
34 30 95.821
34 31 11.044
34 32 17.991
34 33 55.512
34 34 37.173
34 35 85.359
34 36 92.938
34 37 58.295
34 38 39.645
34 39 41.696
34 40 59.779
34 41 20.678
34 42 48.529
34 43 2.922
34 44 20.426
34 45 53.556
34 46 23.474
34 47 90.053
34 48 16.877
34 49 82.374
35 0 60.94
35 1 90.911
35 2 63.535
35 3 12.092
35 4 99.799
35 5 83.066
35 6 18.148
35 7 10.751
35 8 93.095
35 9 16.114
35 10 68.175
35 11 44.182
35 12 86.624
35 13 94.984
35 14 45.978
35 15 45.853
35 16 89.659
35 17 58.426
35 18 6.569
35 19 60.986
35 20 22.966
35 21 74.033
35 22 57.123
35 23 13.795
35 24 37.933
35 25 8.714
35 26 18.17
35 27 73.296
35 28 21.832
35 29 67.754
35 30 36.178
35 31 68.84
35 32 74.046
35 33 86.864
35 34 11.636
35 35 2.679
35 36 9.639
35 37 3.34
35 38 54.149
35 39 75.81
35 40 55.67
35 41 82.216
35 42 58.391
35 43 4.441
35 44 59.777
35 45 92.938
35 46 17.214
35 47 70.881
35 48 9.647
35 49 14.55
36 0 88.589
36 1 55.828
36 2 60.832
36 3 36.708
36 4 27.827
36 5 57.029
36 6 94.708
36 7 73.099
36 8 77.304
36 9 99.083
36 10 70.172
36 11 26.017
36 12 21.751
36 13 94.532
36 14 8.182
36 15 20.703
36 16 89.793
36 17 27.776
36 18 83.562
36 19 10.301
36 20 67.729
36 21 60.814
36 22 88.028
36 23 12.199
36 24 56.659
36 25 36.844
36 26 97.025
36 27 27.238
36 28 98.363
36 29 24.597
36 30 45.392
36 31 18.318
36 32 73.407
36 33 2.766
36 34 10.858
36 35 81.566
36 36 2.543
36 37 74.879
36 38 72.267
36 39 65.87
36 40 51.537
36 41 82.554
36 42 30.261
36 43 72.65
36 44 42.204
36 45 48.139
36 46 55.205
36 47 32.984
36 48 9.027
36 49 75.292
37 0 30.849
37 1 73.158
37 2 99.264
37 3 80.013
37 4 19.058
37 5 48.738
37 6 68.955
37 7 22.312
37 8 12.277
37 9 21.403
37 10 68.984
37 11 30.009
37 12 74.343
37 13 65.809
37 14 81.904
37 15 55.991
37 16 85.842
37 17 36.051
37 18 51.229
37 19 82.56
37 20 59.202
37 21 11.061
37 22 16.134
37 23 34.386
37 24 57.699
37 25 30.332
37 26 25.6
37 27 75.422
37 28 10.484
37 29 46.361
37 30 28.185
37 31 43.823
37 32 92.117
37 33 87.833
37 34 37.715
37 35 49.903
37 36 60.166
37 37 57.172
37 38 52.729
37 39 5.014
37 40 5.518
37 41 61.605
37 42 48.798
37 43 76.852
37 44 10.543
37 45 1.071
37 46 88.869
37 47 62.122
37 48 52.62
37 49 29.004
38 0 3.12
38 1 2.73
38 2 57.622
38 3 23.401
38 4 18.041
38 5 14.517
38 6 20.974
38 7 12.727
38 8 35.265
38 9 34.247
38 10 16.054
38 11 37.252
38 12 48.689
38 13 26.489
38 14 78.277
38 15 31.453
38 16 81.554
38 17 61.771
38 18 46.423
38 19 50.657
38 20 60.825
38 21 62.84
38 22 15.027
38 23 0.538
38 24 32.991
38 25 93.325
38 26 51.941
38 27 53.206
38 28 74.176
38 29 30.527
38 30 1.667
38 31 95.624
38 32 80.535
38 33 28.282
38 34 67.102
38 35 41.356
38 36 66.584
38 37 77.957
38 38 62.903
38 39 28.875
38 40 88.969
38 41 30.638
38 42 27.008
38 43 80.92
38 44 19.339
38 45 20.968
38 46 96.612
38 47 58.961
38 48 13.423
38 49 24.602
39 0 99.825
39 1 20.103
39 2 44.479
39 3 94.136
39 4 51.307
39 5 52.199
39 6 47.795
39 7 1.391
39 8 75.693
39 9 92.797
39 10 57.751
39 11 58.018
39 12 48.258
39 13 77.165
39 14 81.345
39 15 15.266
39 16 61.384
39 17 39.87
39 18 43.134
39 19 43.221
39 20 50.696
39 21 51.041
39 22 28.38
39 23 48.716
39 24 32.444
39 25 71.045
39 26 88.403
39 27 69.927
39 28 98.974
39 29 83.938
39 30 22.775
39 31 2.984
39 32 25.099
39 33 2.902
39 34 95.871
39 35 85.614
39 36 39.916
39 37 34.094
39 38 25.091
39 39 43.045
39 40 1.31
39 41 14.068
39 42 71.743
39 43 81.88
39 44 95.602
39 45 99.722
39 46 19.302
39 47 91.087
39 48 57.882
39 49 80.242
40 0 51.522
40 1 2.621
40 2 69.114
40 3 51.328
40 4 0.37
40 5 38.197
40 6 56.465
40 7 55.329
40 8 5.501
40 9 43.974
40 10 5.35
40 11 76.784
40 12 73.072
40 13 71.442
40 14 13.635
40 15 6.864
40 16 98.737
40 17 45.993
40 18 59.109
40 19 25.183
40 20 75.789
40 21 88.021
40 22 37.111
40 23 84.92
40 24 67.979
40 25 4.597
40 26 1.236
40 27 32.654
40 28 41.705
40 29 85.14
40 30 65.269
40 31 1.293
40 32 5.961
40 33 72.355
40 34 57.298
40 35 62.397
40 36 11.753
40 37 63.739
40 38 48.835
40 39 18.59
40 40 79.211
40 41 20.124
40 42 45.602
40 43 45.021
40 44 38.561
40 45 57.098
40 46 35.449
40 47 80.793
40 48 86.398
40 49 35.631
41 0 62.142
41 1 87.136
41 2 31.965
41 3 12.09
41 4 19.843
41 5 95.98
41 6 75.114
41 7 25.388
41 8 46.731
41 9 12.92
41 10 61.076
41 11 63.862
41 12 23.709
41 13 94.143
41 14 53.569
41 15 43.243
41 16 19.821
41 17 28.545
41 18 25.021
41 19 82.963
41 20 92.659
41 21 49.088
41 22 62.609
41 23 32.304
41 24 53.578
41 25 89.401
41 26 63.659
41 27 48.201
41 28 51.143
41 29 81.917
41 30 77.931
41 31 65.824
41 32 74.879
41 33 51.203
41 34 39.634
41 35 62.809
41 36 94.589
41 37 39.523
41 38 45.338
41 39 43.123
41 40 88.909
41 41 90.941
41 42 66.06
41 43 34.398
41 44 99.994
41 45 89.047
41 46 87.078
41 47 43.178
41 48 79.145
41 49 37.697
42 0 71.04
42 1 47.63
42 2 3.034
42 3 23.209
42 4 87.405
42 5 90.284
42 6 78.141
42 7 1.414
42 8 51.654
42 9 70.004
42 10 84.048
42 11 97.033
42 12 14.174
42 13 63.73
42 14 97.318
42 15 32.991
42 16 96.036
42 17 0.062
42 18 81.269
42 19 25.914
42 20 49.288
42 21 26.683
42 22 10.646
42 23 47.849
42 24 96.188
42 25 82.252
42 26 83.015
42 27 75.089
42 28 98.028
42 29 73.517
42 30 48.095
42 31 35.877
42 32 0.154
42 33 54.986
42 34 42.66
42 35 89.136
42 36 40.941
42 37 57.619
42 38 94.996
42 39 33.664
42 40 73.228
42 41 45.74
42 42 17.249
42 43 7.047
42 44 29.995
42 45 77.238
42 46 66.056
42 47 79.064
42 48 23.891
42 49 98.863
43 0 17.095
43 1 30.901
43 2 33.246
43 3 51.865
43 4 97.518
43 5 67.192
43 6 29.538
43 7 39.204
43 8 79.727
43 9 25.052
43 10 91.115
43 11 71.159
43 12 98.446
43 13 18.821
43 14 3.152
43 15 70.044
43 16 91.121
43 17 77.204
43 18 63.987
43 19 83.152
43 20 23.141
43 21 32.655
43 22 24.714
43 23 44.511
43 24 92.686
43 25 15.499
43 26 3.054
43 27 58.639
43 28 87.157
43 29 44.043
43 30 41.522
43 31 98.143
43 32 35.095
43 33 84.47
43 34 91.302
43 35 68.233
43 36 14.078
43 37 4.635
43 38 70.042
43 39 45.494
43 40 80.391
43 41 84.736
43 42 81.53
43 43 33.956
43 44 71.342
43 45 98.71
43 46 54.162
43 47 58.196
43 48 10.095
43 49 11.566
44 0 8.713
44 1 54.203
44 2 20.842
44 3 62.398
44 4 80.831
44 5 60.735
44 6 53.081
44 7 86.164
44 8 95.559
44 9 89.749
44 10 32.263
44 11 46.453
44 12 71.565
44 13 79.244
44 14 78.248
44 15 9.735
44 16 5.839
44 17 73.603
44 18 57.542
44 19 33.881
44 20 33.205
44 21 20.477
44 22 83.903
44 23 88.664
44 24 82.07
44 25 33.184
44 26 25.341
44 27 0.889
44 28 7.27
44 29 68.74
44 30 85.809
44 31 35.696
44 32 27.286
44 33 68.746
44 34 59.192
44 35 45.463
44 36 45.884
44 37 99.861
44 38 14.162
44 39 60.402
44 40 14.906
44 41 37.822
44 42 13.162
44 43 82.139
44 44 30.12
44 45 94.473
44 46 92.654
44 47 55.185
44 48 58.486
44 49 94.809
45 0 77.158
45 1 99.742
45 2 14.035
45 3 77.775
45 4 41.105
45 5 60.376
45 6 91.05
45 7 35.115
45 8 82.984
45 9 68.895
45 10 61.239
45 11 73.276
45 12 67.46
45 13 69.87
45 14 72.1
45 15 15.534
45 16 66.482
45 17 87.903
45 18 53.306
45 19 21.192
45 20 85.838
45 21 21.131
45 22 83.615
45 23 78.41
45 24 91.812
45 25 30.753
45 26 41.738
45 27 95.362
45 28 11.263
45 29 42.258
45 30 6.975
45 31 81.439
45 32 96.369
45 33 96.324
45 34 12.033
45 35 34.847
45 36 26.021
45 37 63.334
45 38 67.347
45 39 18.51
45 40 50.932
45 41 50.104
45 42 98.545
45 43 90.638
45 44 85.11
45 45 67.249
45 46 77.949
45 47 45.055
45 48 27.026
45 49 96.667
46 0 10.544
46 1 53.46
46 2 23.611
46 3 88.901
46 4 95.131
46 5 63.28
46 6 38.878
46 7 82.177
46 8 66.666
46 9 68.876
46 10 31.56
46 11 95.701
46 12 43.721
46 13 94.695
46 14 11.451
46 15 8.923
46 16 43.155
46 17 77.341
46 18 97.41
46 19 0.081
46 20 72.219
46 21 77.802
46 22 35.586
46 23 35.819
46 24 47.258
46 25 40.485
46 26 53.574
46 27 68.606
46 28 78.951
46 29 67.841
46 30 90.519
46 31 39.938
46 32 4.07
46 33 38.061
46 34 88.796
46 35 70.103
46 36 67.204
46 37 68.565
46 38 78.434
46 39 61.729
46 40 49.676
46 41 89.481
46 42 30.586
46 43 20.599
46 44 68.423
46 45 35.537
46 46 56.976
46 47 78.09
46 48 80.047
46 49 42.86
47 0 19.171
47 1 62.181
47 2 61.109
47 3 20.975
47 4 79.211
47 5 40.178
47 6 79.237
47 7 65.658
47 8 6.657
47 9 4.883
47 10 75.926
47 11 77.278
47 12 72.651
47 13 54.498
47 14 86.085
47 15 29.579
47 16 87.386
47 17 94.186
47 18 67.58
47 19 57.231
47 20 48.891
47 21 85.39
47 22 64.191
47 23 17.219
47 24 57.49
47 25 3.348
47 26 42.905
47 27 15.304
47 28 93.395
47 29 81.038
47 30 44.386
47 31 37.234
47 32 74.506
47 33 59.267
47 34 21.451
47 35 23.768
47 36 23.209
47 37 21.257
47 38 0.614
47 39 88.196
47 40 44.827
47 41 56.791
47 42 32.453
47 43 2.741
47 44 89.203
47 45 86.275
47 46 15.354
47 47 55.333
47 48 96.327
47 49 26.57
48 0 21.002
48 1 77.855
48 2 0.078
48 3 62.325
48 4 76.489
48 5 36.69
48 6 26.162
48 7 91.856
48 8 40.804
48 9 68.095
48 10 44.254
48 11 7.978
48 12 98.352
48 13 22.696
48 14 35.967
48 15 52.947
48 16 25.875
48 17 73.252
48 18 50.005
48 19 14.411
48 20 84.539
48 21 15.053
48 22 88.359
48 23 23.378
48 24 82.9
48 25 83.064
48 26 81.951
48 27 47.388
48 28 26.752
48 29 42.865
48 30 77.776
48 31 15.407
48 32 43.787
48 33 80.473
48 34 10.198
48 35 59.913
48 36 92.685
48 37 42.383
48 38 80.824
48 39 38.635
48 40 26.14
48 41 46.254
48 42 99.27
48 43 80.435
48 44 19.072
48 45 97.186
48 46 96.661
48 47 78.301
48 48 8.173
48 49 63.758
49 0 7.614
49 1 85.041
49 2 28.848
49 3 23.621
49 4 80.909
49 5 89.315
49 6 98.905
49 7 23.453
49 8 45.733
49 9 23.096
49 10 10.207
49 11 60.505
49 12 61.738
49 13 21.777
49 14 41.116
49 15 16.257
49 16 99.737
49 17 48.556
49 18 56.612
49 19 86.582
49 20 33.515
49 21 39.075
49 22 9.06
49 23 26.367
49 24 60.825
49 25 31.759
49 26 47.375
49 27 30.324
49 28 25.969
49 29 26.701
49 30 25.736
49 31 33.52
49 32 51.004
49 33 62.645
49 34 68.515
49 35 42.903
49 36 93.147
49 37 91.508
49 38 6.309
49 39 84.413
49 40 47.172
49 41 13.829
49 42 25.294
49 43 90.093
49 44 21.631
49 45 32.165
49 46 48.817
49 47 59.279
49 48 61.399
49 49 23.668
