100
1 0 42.461
2 0 23.784
2 1 53.908
3 0 18.052
3 1 88.087
3 2 69.416
4 0 69.836
4 1 61.119
4 2 81.815
4 3 75.841
5 0 76.89
5 1 68.32
5 2 77.0
5 3 28.427
5 4 28.158
6 0 97.912
6 1 87.316
6 2 53.076
6 3 6.912
6 4 2.56
6 5 51.48
7 0 72.45
7 1 92.057
7 2 20.441
7 3 39.977
7 4 47.705
7 5 24.092
7 6 69.209
8 0 48.168
8 1 84.754
8 2 62.357
8 3 91.011
8 4 32.845
8 5 93.987
8 6 76.768
8 7 36.764
9 0 10.194
9 1 57.026
9 2 96.34
9 3 73.475
9 4 95.694
9 5 17.876
9 6 9.487
9 7 23.007
9 8 30.288
10 0 41.454
10 1 96.768
10 2 73.773
10 3 95.696
10 4 92.13
10 5 23.762
10 6 5.958
10 7 83.628
10 8 71.795
10 9 82.003
11 0 27.885
11 1 50.813
11 2 20.396
11 3 30.67
11 4 60.382
11 5 4.35
11 6 80.676
11 7 44.359
11 8 81.442
11 9 61.165
11 10 2.44
12 0 24.334
12 1 95.403
12 2 9.2
12 3 77.719
12 4 87.596
12 5 3.335
12 6 50.046
12 7 62.543
12 8 42.922
12 9 75.145
12 10 91.545
12 11 60.321
13 0 21.467
13 1 56.311
13 2 3.99
13 3 54.611
13 4 12.9
13 5 94.629
13 6 29.014
13 7 21.237
13 8 87.069
13 9 21.515
13 10 58.049
13 11 37.534
13 12 33.284
14 0 37.739
14 1 87.077
14 2 27.49
14 3 56.099
14 4 23.849
14 5 87.498
14 6 24.912
14 7 26.798
14 8 34.444
14 9 5.142
14 10 85.773
14 11 82.636
14 12 29.987
14 13 21.625
15 0 71.696
15 1 79.112
15 2 57.993
15 3 75.234
15 4 32.041
15 5 53.895
15 6 10.322
15 7 13.564
15 8 42.873
15 9 97.453
15 10 76.732
15 11 92.281
15 12 34.602
15 13 57.631
15 14 67.725
16 0 7.911
16 1 9.196
16 2 23.262
16 3 99.09
16 4 3.296
16 5 72.259
16 6 5.903
16 7 78.808
16 8 35.659
16 9 26.245
16 10 20.814
16 11 61.441
16 12 91.185
16 13 26.657
16 14 20.501
16 15 62.203
17 0 94.35
17 1 11.108
17 2 55.556
17 3 64.955
17 4 49.798
17 5 85.146
17 6 82.95
17 7 1.174
17 8 68.625
17 9 89.965
17 10 97.715
17 11 74.046
17 12 35.801
17 13 86.64
17 14 28.9
17 15 73.843
17 16 52.833
18 0 34.414
18 1 77.275
18 2 91.812
18 3 53.078
18 4 54.518
18 5 92.966
18 6 13.29
18 7 65.239
18 8 97.559
18 9 58.59
18 10 27.59
18 11 72.785
18 12 29.687
18 13 67.849
18 14 97.636
18 15 30.915
18 16 49.5
18 17 91.617
19 0 54.286
19 1 64.299
19 2 17.721
19 3 95.16
19 4 56.361
19 5 44.754
19 6 13.844
19 7 30.646
19 8 43.147
19 9 73.497
19 10 16.278
19 11 78.294
19 12 82.467
19 13 89.839
19 14 58.587
19 15 90.612
19 16 27.34
19 17 75.564
19 18 95.917
20 0 72.507
20 1 30.259
20 2 18.487
20 3 44.751
20 4 78.696
20 5 10.452
20 6 57.467
20 7 7.677
20 8 33.455
20 9 11.985
20 10 75.778
20 11 60.475
20 12 11.149
20 13 79.188
20 14 37.797
20 15 99.997
20 16 11.456
20 17 24.533
20 18 67.584
20 19 93.07
21 0 5.481
21 1 45.633
21 2 25.393
21 3 47.379
21 4 17.255
21 5 3.538
21 6 72.982
21 7 1.697
21 8 42.36
21 9 90.427
21 10 10.178
21 11 24.017
21 12 62.971
21 13 96.758
21 14 64.189
21 15 38.208
21 16 48.995
21 17 29.109
21 18 68.531
21 19 53.702
21 20 99.729
22 0 97.701
22 1 3.413
22 2 71.181
22 3 63.264
22 4 97.273
22 5 71.906
22 6 63.627
22 7 66.476
22 8 74.917
22 9 22.959
22 10 32.911
22 11 36.336
22 12 2.746
22 13 62.719
22 14 10.771
22 15 62.505
22 16 82.496
22 17 8.398
22 18 69.463
22 19 4.194
22 20 46.176
22 21 60.738
23 0 52.119
23 1 19.318
23 2 81.612
23 3 37.311
23 4 60.334
23 5 26.36
23 6 13.857
23 7 50.908
23 8 61.914
23 9 48.252
23 10 36.737
23 11 2.543
23 12 19.914
23 13 93.446
23 14 84.19
23 15 42.779
23 16 5.046
23 17 59.79
23 18 31.597
23 19 10.357
23 20 23.946
23 21 21.397
23 22 46.518
24 0 42.026
24 1 29.134
24 2 76.999
24 3 11.854
24 4 22.581
24 5 28.419
24 6 76.868
24 7 33.873
24 8 62.745
24 9 2.235
24 10 41.415
24 11 63.162
24 12 1.819
24 13 92.931
24 14 8.09
24 15 45.022
24 16 78.984
24 17 19.81
24 18 84.391
24 19 58.167
24 20 43.949
24 21 20.126
24 22 10.665
24 23 37.187
25 0 85.653
25 1 22.69
25 2 50.179
25 3 65.012
25 4 77.512
25 5 78.612
25 6 32.947
25 7 89.185
25 8 21.458
25 9 48.304
25 10 92.733
25 11 26.813
25 12 94.688
25 13 73.34
25 14 23.605
25 15 55.8
25 16 12.886
25 17 59.418
25 18 2.361
25 19 1.69
25 20 81.207
25 21 6.785
25 22 78.705
25 23 39.547
25 24 32.363
26 0 14.836
26 1 12.88
26 2 93.659
26 3 99.752
26 4 76.456
26 5 24.028
26 6 77.33
26 7 71.031
26 8 55.137
26 9 77.841
26 10 97.701
26 11 39.085
26 12 23.151
26 13 4.986
26 14 45.405
26 15 42.682
26 16 8.268
26 17 50.258
26 18 46.743
26 19 91.364
26 20 49.777
26 21 49.164
26 22 18.311
26 23 24.078
26 24 95.175
26 25 35.909
27 0 93.239
27 1 68.011
27 2 41.119
27 3 87.278
27 4 29.249
27 5 69.103
27 6 23.071
27 7 92.223
27 8 44.718
27 9 37.93
27 10 56.875
27 11 70.596
27 12 95.53
27 13 48.12
27 14 67.851
27 15 86.186
27 16 76.828
27 17 63.535
27 18 58.444
27 19 90.971
27 20 75.719
27 21 70.649
27 22 99.41
27 23 74.164
27 24 56.516
27 25 70.783
27 26 96.976
28 0 11.208
28 1 63.45
28 2 94.861
28 3 29.667
28 4 49.769
28 5 4.278
28 6 39.063
28 7 21.896
28 8 13.589
28 9 13.076
28 10 54.1
28 11 8.874
28 12 83.618
28 13 61.495
28 14 51.142
28 15 77.025
28 16 25.274
28 17 72.249
28 18 74.175
28 19 10.909
28 20 15.707
28 21 30.662
28 22 55.166
28 23 28.833
28 24 4.773
28 25 73.592
28 26 18.577
28 27 66.546
29 0 13.141
29 1 22.573
29 2 37.765
29 3 61.746
29 4 59.267
29 5 82.325
29 6 12.156
29 7 66.86
29 8 98.201
29 9 61.433
29 10 83.145
29 11 1.548
29 12 70.042
29 13 66.509
29 14 26.444
29 15 37.679
29 16 12.414
29 17 78.807
29 18 55.655
29 19 57.523
29 20 27.003
29 21 80.863
29 22 34.636
29 23 7.101
29 24 37.464
29 25 87.338
29 26 75.498
29 27 1.739
29 28 10.322
30 0 32.744
30 1 81.045
30 2 69.226
30 3 76.788
30 4 31.812
30 5 57.423
30 6 38.809
30 7 63.857
30 8 31.838
30 9 46.68
30 10 33.869
30 11 7.428
30 12 8.538
30 13 95.528
30 14 47.743
30 15 87.567
30 16 17.051
30 17 57.771
30 18 45.589
30 19 50.987
30 20 31.517
30 21 54.045
30 22 94.159
30 23 7.615
30 24 58.024
30 25 93.622
30 26 51.076
30 27 37.373
30 28 94.716
30 29 98.35
31 0 83.487
31 1 32.905
31 2 35.986
31 3 46.704
31 4 41.276
31 5 2.258
31 6 87.108
31 7 14.032
31 8 41.06
31 9 86.186
31 10 92.887
31 11 55.069
31 12 8.737
31 13 13.515
31 14 3.021
31 15 31.091
31 16 47.92
31 17 95.77
31 18 5.636
31 19 87.299
31 20 93.378
31 21 85.668
31 22 30.554
31 23 53.369
31 24 66.838
31 25 70.423
31 26 28.544
31 27 72.253
31 28 48.771
31 29 43.849
31 30 54.978
32 0 42.919
32 1 72.701
32 2 33.875
32 3 91.813
32 4 28.902
32 5 90.46
32 6 5.424
32 7 67.045
32 8 90.073
32 9 50.727
32 10 79.271
32 11 56.3
32 12 75.486
32 13 73.699
32 14 26.781
32 15 59.999
32 16 11.08
32 17 56.382
32 18 9.755
32 19 38.348
32 20 6.983
32 21 41.668
32 22 76.142
32 23 94.035
32 24 5.079
32 25 81.106
32 26 60.679
32 27 32.958
32 28 33.41
32 29 85.152
32 30 20.054
32 31 36.441
33 0 55.938
33 1 74.985
33 2 73.764
33 3 59.997
33 4 82.945
33 5 82.371
33 6 20.151
33 7 19.081
33 8 8.223
33 9 7.962
33 10 13.104
33 11 31.525
33 12 95.894
33 13 86.085
33 14 69.32
33 15 55.063
33 16 11.128
33 17 66.503
33 18 3.24
33 19 31.827
33 20 72.233
33 21 16.069
33 22 73.273
33 23 71.865
33 24 76.183
33 25 85.289
33 26 64.709
33 27 89.599
33 28 75.035
33 29 17.937
33 30 77.666
33 31 77.643
33 32 45.341
34 0 18.026
34 1 27.97
34 2 43.719
34 3 83.467
34 4 4.466
34 5 12.729
34 6 63.778
34 7 44.96
34 8 68.729
34 9 3.142
34 10 1.041
34 11 19.906
34 12 1.268
34 13 56.429
34 14 81.099
34 15 76.609
34 16 65.033
34 17 16.166
34 18 43.754
34 19 66.409
34 20 87.157
34 21 86.645
34 22 52.941
34 23 50.795
34 24 44.989
34 25 23.924
34 26 92.968
34 27 94.339
34 28 79.963
34 29 53.499
34 30 36.297
34 31 44.9
34 32 88.266
34 33 92.026
35 0 86.551
35 1 33.747
35 2 96.152
35 3 23.402
35 4 84.589
35 5 28.863
35 6 87.374
35 7 27.549
35 8 26.677
35 9 71.972
35 10 24.925
35 11 94.161
35 12 13.49
35 13 83.918
35 14 14.966
35 15 6.849
35 16 99.034
35 17 58.336
35 18 74.429
35 19 65.391
35 20 21.282
35 21 59.979
35 22 31.857
35 23 74.992
35 24 40.953
35 25 15.24
35 26 97.937
35 27 28.822
35 28 60.95
35 29 64.662
35 30 35.368
35 31 80.727
35 32 5.788
35 33 87.525
35 34 54.943
36 0 27.124
36 1 50.43
36 2 80.752
36 3 84.744
36 4 49.504
36 5 14.79
36 6 59.173
36 7 61.601
36 8 60.573
36 9 20.443
36 10 54.517
36 11 65.488
36 12 78.086
36 13 4.465
36 14 57.796
36 15 97.006
36 16 18.257
36 17 30.785
36 18 37.643
36 19 92.828
36 20 22.011
36 21 64.737
36 22 32.154
36 23 34.015
36 24 45.059
36 25 21.907
36 26 9.435
36 27 50.876
36 28 88.432
36 29 75.657
36 30 94.511
36 31 61.93
36 32 56.436
36 33 63.834
36 34 19.993
36 35 4.107
37 0 38.673
37 1 94.88
37 2 47.016
37 3 79.076
37 4 81.619
37 5 98.578
37 6 98.583
37 7 16.284
37 8 28.011
37 9 44.252
37 10 28.201
37 11 78.058
37 12 34.493
37 13 81.366
37 14 60.183
37 15 70.133
37 16 4.883
37 17 45.799
37 18 78.954
37 19 86.557
37 20 10.475
37 21 92.706
37 22 32.651
37 23 18.38
37 24 68.044
37 25 98.059
37 26 77.682
37 27 37.444
37 28 51.826
37 29 53.66
37 30 87.863
37 31 42.631
37 32 85.477
37 33 34.51
37 34 59.283
37 35 72.439
37 36 23.989
38 0 5.093
38 1 55.563
38 2 71.526
38 3 31.888
38 4 48.089
38 5 30.401
38 6 99.191
38 7 93.4
38 8 21.086
38 9 74.343
38 10 85.051
38 11 46.579
38 12 19.506
38 13 30.337
38 14 31.019
38 15 32.539
38 16 81.36
38 17 80.838
38 18 7.605
38 19 86.154
38 20 14.375
38 21 51.706
38 22 77.674
38 23 70.098
38 24 58.005
38 25 14.987
38 26 98.929
38 27 57.357
38 28 31.26
38 29 81.617
38 30 19.387
38 31 93.606
38 32 18.627
38 33 58.169
38 34 43.843
38 35 91.342
38 36 53.138
38 37 84.114
39 0 61.449
39 1 68.569
39 2 64.914
39 3 43.987
39 4 61.869
39 5 58.789
39 6 27.325
39 7 48.987
39 8 48.033
39 9 14.115
39 10 85.736
39 11 69.216
39 12 85.696
39 13 20.554
39 14 44.381
39 15 71.82
39 16 9.996
39 17 19.837
39 18 90.922
39 19 98.447
39 20 5.194
39 21 35.266
39 22 54.775
39 23 34.085
39 24 65.468
39 25 51.598
39 26 25.879
39 27 18.447
39 28 26.468
39 29 95.04
39 30 28.985
39 31 84.385
39 32 39.934
39 33 54.333
39 34 94.538
39 35 36.488
39 36 27.908
39 37 36.378
39 38 31.049
40 0 78.858
40 1 42.617
40 2 27.669
40 3 11.639
40 4 27.548
40 5 11.788
40 6 4.103
40 7 15.107
40 8 41.669
40 9 87.729
40 10 79.959
40 11 65.47
40 12 69.34
40 13 5.018
40 14 8.637
40 15 23.21
40 16 15.814
40 17 59.249
40 18 27.186
40 19 61.821
40 20 98.833
40 21 13.492
40 22 59.261
40 23 22.006
40 24 39.382
40 25 45.26
40 26 35.632
40 27 89.559
40 28 27.234
40 29 11.799
40 30 51.088
40 31 50.062
40 32 28.672
40 33 83.197
40 34 37.296
40 35 75.133
40 36 15.167
40 37 84.507
40 38 62.169
40 39 72.014
41 0 29.853
41 1 20.758
41 2 98.21
41 3 73.603
41 4 82.361
41 5 10.961
41 6 48.482
41 7 19.097
41 8 16.67
41 9 8.266
41 10 20.806
41 11 34.926
41 12 90.223
41 13 88.262
41 14 74.395
41 15 53.665
41 16 73.309
41 17 63.865
41 18 9.459
41 19 42.722
41 20 40.338
41 21 29.053
41 22 53.861
41 23 80.396
41 24 46.315
41 25 84.749
41 26 22.274
41 27 77.585
41 28 16.137
41 29 51.854
41 30 68.602
41 31 74.854
41 32 54.316
41 33 19.26
41 34 61.512
41 35 8.356
41 36 30.927
41 37 42.306
41 38 22.444
41 39 6.996
41 40 13.831
42 0 60.312
42 1 21.204
42 2 49.843
42 3 72.727
42 4 52.22
42 5 35.947
42 6 17.94
42 7 41.847
42 8 10.688
42 9 4.383
42 10 88.39
42 11 72.332
42 12 52.096
42 13 11.613
42 14 3.604
42 15 90.906
42 16 44.561
42 17 76.872
42 18 13.128
42 19 12.417
42 20 49.667
42 21 22.227
42 22 95.233
42 23 86.484
42 24 2.853
42 25 43.565
42 26 45.592
42 27 40.797
42 28 26.274
42 29 99.085
42 30 84.063
42 31 94.244
42 32 85.769
42 33 44.655
42 34 45.886
42 35 1.407
42 36 3.086
42 37 64.033
42 38 64.502
42 39 29.548
42 40 7.744
42 41 32.965
43 0 5.774
43 1 32.537
43 2 32.741
43 3 32.152
43 4 22.967
43 5 5.057
43 6 19.395
43 7 88.856
43 8 88.276
43 9 56.556
43 10 95.968
43 11 84.212
43 12 14.707
43 13 43.254
43 14 50.7
43 15 52.543
43 16 90.324
43 17 21.679
43 18 89.238
43 19 22.554
43 20 1.082
43 21 56.591
43 22 28.911
43 23 89.693
43 24 31.312
43 25 57.08
43 26 65.156
43 27 97.348
43 28 80.731
43 29 29.607
43 30 91.319
43 31 65.428
43 32 81.989
43 33 26.979
43 34 57.414
43 35 47.864
43 36 85.521
43 37 18.642
43 38 19.136
43 39 7.124
43 40 32.436
43 41 35.066
43 42 68.328
44 0 82.04
44 1 11.389
44 2 27.46
44 3 25.153
44 4 92.968
44 5 84.488
44 6 11.239
44 7 90.414
44 8 11.628
44 9 25.785
44 10 83.817
44 11 59.936
44 12 70.745
44 13 52.436
44 14 6.45
44 15 43.196
44 16 63.153
44 17 85.965
44 18 79.864
44 19 37.455
44 20 59.08
44 21 43.155
44 22 48.912
44 23 83.885
44 24 23.577
44 25 32.23
44 26 13.488
44 27 49.717
44 28 7.174
44 29 38.084
44 30 33.27
44 31 25.163
44 32 47.933
44 33 48.731
44 34 43.487
44 35 90.899
44 36 53.607
44 37 76.626
44 38 18.245
44 39 40.792
44 40 22.778
44 41 76.725
44 42 96.956
44 43 90.546
45 0 76.156
45 1 82.913
45 2 6.577
45 3 26.093
45 4 44.842
45 5 85.261
45 6 99.643
45 7 93.438
45 8 34.233
45 9 63.853
45 10 53.051
45 11 40.231
45 12 80.918
45 13 4.95
45 14 99.952
45 15 52.121
45 16 30.339
45 17 41.91
45 18 72.931
45 19 38.574
45 20 44.581
45 21 16.394
45 22 58.077
45 23 50.534
45 24 57.347
45 25 28.399
45 26 11.283
45 27 34.791
45 28 40.08
45 29 72.736
45 30 67.238
45 31 74.359
45 32 61.103
45 33 79.405
45 34 27.72
45 35 73.078
45 36 13.321
45 37 47.199
45 38 7.802
45 39 50.306
45 40 75.493
45 41 29.554
45 42 95.648
45 43 97.07
45 44 58.638
46 0 24.936
46 1 8.117
46 2 14.286
46 3 35.793
46 4 15.283
46 5 84.761
46 6 24.218
46 7 39.361
46 8 58.916
46 9 29.891
46 10 16.632
46 11 11.192
46 12 60.111
46 13 77.419
46 14 56.375
46 15 94.505
46 16 21.643
46 17 46.81
46 18 48.619
46 19 21.667
46 20 43.945
46 21 37.448
46 22 4.308
46 23 74.685
46 24 96.692
46 25 72.139
46 26 56.779
46 27 13.593
46 28 84.916
46 29 27.955
46 30 6.055
46 31 52.757
46 32 53.919
46 33 52.864
46 34 31.044
46 35 62.397
46 36 19.69
46 37 13.881
46 38 77.821
46 39 17.639
46 40 73.693
46 41 82.441
46 42 33.374
46 43 3.329
46 44 18.776
46 45 37.704
47 0 68.332
47 1 8.554
47 2 83.923
47 3 84.581
47 4 48.868
47 5 64.191
47 6 71.769
47 7 22.625
47 8 24.987
47 9 39.224
47 10 50.065
47 11 91.441
47 12 55.657
47 13 35.337
47 14 50.63
47 15 99.318
47 16 87.035
47 17 50.296
47 18 39.288
47 19 45.448
47 20 30.022
47 21 76.023
47 22 25.439
47 23 23.635
47 24 96.1
47 25 45.382
47 26 17.147
47 27 10.17
47 28 68.516
47 29 21.997
47 30 84.939
47 31 39.813
47 32 59.201
47 33 16.647
47 34 56.352
47 35 81.835
47 36 66.103
47 37 85.475
47 38 75.595
47 39 81.815
47 40 46.057
47 41 47.627
47 42 1.154
47 43 82.967
47 44 57.253
47 45 8.806
47 46 21.346
48 0 19.437
48 1 64.766
48 2 79.202
48 3 97.325
48 4 87.689
48 5 39.385
48 6 82.481
48 7 72.862
48 8 25.746
48 9 28.7
48 10 96.843
48 11 74.095
48 12 20.305
48 13 7.393
48 14 23.954
48 15 62.214
48 16 73.826
48 17 13.487
48 18 87.455
48 19 66.991
48 20 95.746
48 21 95.417
48 22 86.819
48 23 51.86
48 24 43.038
48 25 94.169
48 26 57.777
48 27 63.512
48 28 55.753
48 29 77.58
48 30 67.223
48 31 52.441
48 32 54.631
48 33 5.801
48 34 54.349
48 35 42.723
48 36 86.745
48 37 17.466
48 38 90.071
48 39 21.747
48 40 63.707
48 41 81.449
48 42 60.536
48 43 97.003
48 44 59.832
48 45 41.952
48 46 69.025
48 47 18.046
49 0 38.076
49 1 95.531
49 2 13.046
49 3 26.756
49 4 26.345
49 5 84.106
49 6 27.035
49 7 32.843
49 8 11.145
49 9 22.219
49 10 20.419
49 11 59.56
49 12 11.576
49 13 81.582
49 14 45.935
49 15 57.565
49 16 70.432
49 17 7.535
49 18 12.031
49 19 38.142
49 20 22.024
49 21 52.749
49 22 92.34
49 23 56.573
49 24 27.629
49 25 79.713
49 26 11.901
49 27 95.701
49 28 76.386
49 29 13.826
49 30 45.222
49 31 20.205
49 32 66.425
49 33 62.183
49 34 57.642
49 35 70.263
49 36 55.463
49 37 49.51
49 38 30.451
49 39 97.338
49 40 25.335
49 41 15.084
49 42 69.492
49 43 28.047
49 44 73.709
49 45 88.795
49 46 86.285
49 47 55.511
49 48 89.119
50 0 31.78
50 1 58.623
50 2 75.242
50 3 74.327
50 4 9.721
50 5 30.351
50 6 14.39
50 7 45.35
50 8 20.696
50 9 36.239
50 10 18.742
50 11 5.982
50 12 96.06
50 13 4.44
50 14 99.667
50 15 16.317
50 16 38.71
50 17 51.482
50 18 46.143
50 19 43.266
50 20 7.248
50 21 17.917
50 22 3.913
50 23 18.475
50 24 80.004
50 25 44.903
50 26 62.738
50 27 4.842
50 28 17.329
50 29 50.192
50 30 93.382
50 31 56.896
50 32 97.883
50 33 46.226
50 34 58.716
50 35 68.352
50 36 12.917
50 37 94.505
50 38 25.652
50 39 26.874
50 40 11.088
50 41 46.11
50 42 2.955
50 43 43.131
50 44 97.414
50 45 27.494
50 46 70.472
50 47 45.049
50 48 74.209
50 49 47.112
51 0 42.58
51 1 92.488
51 2 22.918
51 3 65.668
51 4 78.366
51 5 46.662
51 6 93.174
51 7 52.999
51 8 31.604
51 9 63.386
51 10 36.408
51 11 47.629
51 12 44.856
51 13 65.43
51 14 50.946
51 15 78.457
51 16 47.485
51 17 61.418
51 18 27.083
51 19 79.324
51 20 99.303
51 21 75.674
51 22 87.669
51 23 80.888
51 24 40.746
51 25 57.473
51 26 26.113
51 27 37.573
51 28 71.425
51 29 39.973
51 30 56.192
51 31 79.569
51 32 1.233
51 33 24.281
51 34 68.274
51 35 44.731
51 36 32.752
51 37 62.095
51 38 63.63
51 39 13.764
51 40 40.591
51 41 22.439
51 42 79.189
51 43 40.723
51 44 44.083
51 45 30.878
51 46 30.93
51 47 70.877
51 48 24.824
51 49 44.844
51 50 43.02
52 0 80.121
52 1 51.276
52 2 59.026
52 3 94.321
52 4 55.29
52 5 65.856
52 6 17.646
52 7 77.45
52 8 56.239
52 9 10.942
52 10 44.301
52 11 31.266
52 12 48.604
52 13 50.078
52 14 45.116
52 15 11.485
52 16 32.759
52 17 86.925
52 18 64.673
52 19 91.763
52 20 28.772
52 21 88.151
52 22 81.368
52 23 93.939
52 24 23.327
52 25 71.53
52 26 93.601
52 27 68.77
52 28 21.007
52 29 86.487
52 30 22.151
52 31 52.472
52 32 20.374
52 33 85.528
52 34 97.052
52 35 32.971
52 36 2.419
52 37 43.438
52 38 8.897
52 39 2.792
52 40 88.657
52 41 20.948
52 42 47.776
52 43 66.059
52 44 68.883
52 45 27.234
52 46 82.83
52 47 61.449
52 48 6.34
52 49 2.338
52 50 71.738
52 51 67.409
53 0 66.469
53 1 30.554
53 2 97.227
53 3 17.998
53 4 71.359
53 5 89.344
53 6 18.669
53 7 64.535
53 8 42.372
53 9 38.154
53 10 46.203
53 11 96.33
53 12 58.217
53 13 50.025
53 14 79.396
53 15 70.757
53 16 52.098
53 17 70.142
53 18 87.163
53 19 52.683
53 20 14.014
53 21 61.333
53 22 8.006
53 23 77.229
53 24 95.33
53 25 42.66
53 26 64.879
53 27 44.024
53 28 20.371
53 29 26.782
53 30 82.405
53 31 45.274
53 32 65.498
53 33 5.45
53 34 94.559
53 35 66.859
53 36 47.002
53 37 11.251
53 38 75.662
53 39 44.286
53 40 26.997
53 41 89.654
53 42 79.831
53 43 47.711
53 44 47.831
53 45 73.245
53 46 52.979
53 47 48.319
53 48 6.189
53 49 92.359
53 50 75.09
53 51 53.928
53 52 48.438
54 0 73.017
54 1 94.305
54 2 79.041
54 3 62.059
54 4 71.422
54 5 78.997
54 6 84.128
54 7 43.768
54 8 77.312
54 9 58.111
54 10 45.075
54 11 18.606
54 12 72.689
54 13 22.91
54 14 66.685
54 15 34.701
54 16 70.779
54 17 65.687
54 18 15.184
54 19 26.99
54 20 13.443
54 21 36.568
54 22 1.231
54 23 13.679
54 24 34.432
54 25 47.699
54 26 67.83
54 27 77.226
54 28 51.946
54 29 96.888
54 30 34.9
54 31 57.327
54 32 48.754
54 33 12.24
54 34 58.367
54 35 70.747
54 36 52.677
54 37 56.002
54 38 40.617
54 39 7.954
54 40 83.038
54 41 75.347
54 42 54.617
54 43 51.126
54 44 79.209
54 45 59.907
54 46 47.502
54 47 7.571
54 48 59.881
54 49 53.004
54 50 40.491
54 51 63.63
54 52 79.653
54 53 31.658
55 0 30.52
55 1 78.206
55 2 42.567
55 3 24.427
55 4 17.221
55 5 40.042
55 6 95.638
55 7 3.907
55 8 54.992
55 9 70.402
55 10 2.154
55 11 22.125
55 12 93.471
55 13 57.713
55 14 47.987
55 15 45.193
55 16 33.82
55 17 76.31
55 18 16.057
55 19 63.187
55 20 13.319
55 21 14.836
55 22 11.736
55 23 89.902
55 24 21.018
55 25 7.833
55 26 61.742
55 27 76.979
55 28 32.899
55 29 86.451
55 30 40.207
55 31 31.43
55 32 99.988
55 33 56.069
55 34 39.885
55 35 90.703
55 36 47.276
55 37 17.499
55 38 25.563
55 39 35.827
55 40 91.589
55 41 49.561
55 42 94.752
55 43 40.539
55 44 41.188
55 45 15.455
55 46 11.438
55 47 26.219
55 48 74.175
55 49 14.109
55 50 60.967
55 51 59.474
55 52 66.122
55 53 8.934
55 54 13.945
56 0 56.111
56 1 11.325
56 2 11.213
56 3 58.492
56 4 82.406
56 5 40.843
56 6 10.221
56 7 12.524
56 8 25.045
56 9 88.16
56 10 73.344
56 11 48.233
56 12 30.626
56 13 94.756
56 14 31.006
56 15 70.377
56 16 58.933
56 17 7.305
56 18 19.694
56 19 9.35
56 20 20.524
56 21 5.739
56 22 59.869
56 23 54.322
56 24 11.517
56 25 32.879
56 26 70.599
56 27 15.536
56 28 87.49
56 29 6.481
56 30 54.249
56 31 36.612
56 32 6.911
56 33 66.576
56 34 58.986
56 35 36.458
56 36 95.915
56 37 59.874
56 38 19.577
56 39 93.416
56 40 66.584
56 41 33.845
56 42 40.771
56 43 91.705
56 44 59.307
56 45 4.625
56 46 96.949
56 47 51.544
56 48 70.812
56 49 24.485
56 50 67.517
56 51 15.914
56 52 53.41
56 53 73.047
56 54 20.323
56 55 34.53
57 0 61.626
57 1 32.226
57 2 9.305
57 3 80.152
57 4 78.223
57 5 10.904
57 6 67.647
57 7 20.137
57 8 83.89
57 9 71.463
57 10 94.29
57 11 54.331
57 12 83.754
57 13 49.138
57 14 95.451
57 15 50.639
57 16 26.171
57 17 16.048
57 18 60.27
57 19 14.833
57 20 43.671
57 21 83.519
57 22 20.847
57 23 59.525
57 24 21.055
57 25 32.431
57 26 35.278
57 27 53.147
57 28 89.632
57 29 1.31
57 30 70.734
57 31 25.505
57 32 24.322
57 33 1.68
57 34 74.587
57 35 75.57
57 36 8.709
57 37 74.262
57 38 32.501
57 39 25.024
57 40 63.117
57 41 88.6
57 42 20.506
57 43 25.163
57 44 70.843
57 45 47.454
57 46 89.229
57 47 37.0
57 48 20.491
57 49 12.667
57 50 90.965
57 51 70.43
57 52 19.964
57 53 99.402
57 54 97.746
57 55 87.635
57 56 48.767
58 0 44.454
58 1 33.881
58 2 43.317
58 3 23.047
58 4 79.749
58 5 95.745
58 6 14.729
58 7 64.736
58 8 67.861
58 9 13.363
58 10 6.394
58 11 32.034
58 12 95.208
58 13 74.188
58 14 6.197
58 15 18.444
58 16 88.425
58 17 28.059
58 18 90.669
58 19 43.239
58 20 18.951
58 21 83.231
58 22 97.876
58 23 54.712
58 24 56.833
58 25 14.086
58 26 44.475
58 27 14.576
58 28 77.409
58 29 38.144
58 30 88.545
58 31 45.152
58 32 87.744
58 33 52.963
58 34 87.01
58 35 50.441
58 36 96.089
58 37 1.691
58 38 48.884
58 39 36.354
58 40 81.515
58 41 53.485
58 42 97.777
58 43 73.956
58 44 50.889
58 45 36.454
58 46 4.218
58 47 83.41
58 48 7.861
58 49 76.502
58 50 6.305
58 51 2.444
58 52 30.935
58 53 78.333
58 54 90.071
58 55 85.244
58 56 34.367
58 57 11.953
59 0 9.462
59 1 93.721
59 2 47.001
59 3 69.631
59 4 69.737
59 5 23.039
59 6 97.451
59 7 14.372
59 8 70.541
59 9 47.359
59 10 51.13
59 11 43.961
59 12 92.122
59 13 51.28
59 14 59.308
59 15 93.868
59 16 68.264
59 17 38.476
59 18 90.159
59 19 58.513
59 20 30.237
59 21 76.825
59 22 37.744
59 23 16.317
59 24 86.388
59 25 73.445
59 26 64.404
59 27 62.897
59 28 44.131
59 29 35.455
59 30 43.037
59 31 66.592
59 32 97.083
59 33 96.706
59 34 41.728
59 35 6.39
59 36 47.353
59 37 6.361
59 38 97.209
59 39 52.918
59 40 81.787
59 41 99.728
59 42 55.17
59 43 88.205
59 44 67.744
59 45 54.863
59 46 77.11
59 47 52.186
59 48 79.484
59 49 52.939
59 50 65.274
59 51 32.317
59 52 99.652
59 53 72.987
59 54 32.349
59 55 45.787
59 56 91.382
59 57 81.004
59 58 77.997
60 0 29.681
60 1 81.198
60 2 44.735
60 3 23.062
60 4 30.346
60 5 11.871
60 6 38.537
60 7 13.076
60 8 65.687
60 9 20.495
60 10 19.889
60 11 91.08
60 12 42.62
60 13 78.514
60 14 88.592
60 15 5.413
60 16 7.678
60 17 40.0
60 18 56.634
60 19 89.411
60 20 1.978
60 21 23.1
60 22 84.342
60 23 86.864
60 24 68.22
60 25 87.017
60 26 76.089
60 27 63.497
60 28 85.983
60 29 28.262
60 30 91.493
60 31 3.794
60 32 38.818
60 33 16.845
60 34 85.34
60 35 24.248
60 36 76.559
60 37 17.09
60 38 11.733
60 39 62.946
60 40 86.134
60 41 70.281
60 42 27.928
60 43 38.246
60 44 89.151
60 45 29.917
60 46 84.959
60 47 9.643
60 48 17.035
60 49 49.594
60 50 67.727
60 51 85.008
60 52 46.707
60 53 21.767
60 54 47.895
60 55 72.458
60 56 22.241
60 57 53.048
60 58 34.015
60 59 63.444
61 0 52.595
61 1 43.816
61 2 27.914
61 3 61.574
61 4 61.939
61 5 64.071
61 6 44.778
61 7 53.759
61 8 1.968
61 9 57.519
61 10 15.686
61 11 63.177
61 12 74.211
61 13 30.118
61 14 99.004
61 15 61.627
61 16 26.083
61 17 64.487
61 18 94.988
61 19 57.296
61 20 43.823
61 21 50.659
61 22 97.419
61 23 85.258
61 24 86.48
61 25 8.315
61 26 63.932
61 27 45.162
61 28 14.109
61 29 39.497
61 30 80.781
61 31 50.123
61 32 97.348
61 33 85.3
61 34 36.015
61 35 37.595
61 36 8.424
61 37 69.661
61 38 7.4
61 39 32.551
61 40 68.378
61 41 90.665
61 42 6.376
61 43 41.786
61 44 13.672
61 45 1.053
61 46 20.568
61 47 22.319
61 48 37.373
61 49 65.972
61 50 51.486
61 51 8.102
61 52 50.728
61 53 2.426
61 54 7.848
61 55 11.674
61 56 21.24
61 57 68.508
61 58 75.47
61 59 21.972
61 60 18.916
62 0 53.75
62 1 72.627
62 2 19.803
62 3 89.441
62 4 36.972
62 5 58.483
62 6 66.305
62 7 50.494
62 8 49.926
62 9 25.245
62 10 82.061
62 11 14.61
62 12 69.28
62 13 25.366
62 14 8.039
62 15 62.043
62 16 83.433
62 17 11.687
62 18 1.139
62 19 3.734
62 20 55.385
62 21 68.081
62 22 67.15
62 23 27.989
62 24 24.52
62 25 92.059
62 26 15.38
62 27 39.803
62 28 64.21
62 29 68.907
62 30 34.574
62 31 49.767
62 32 56.314
62 33 89.856
62 34 92.269
62 35 97.884
62 36 54.93
62 37 75.295
62 38 76.35
62 39 98.545
62 40 96.099
62 41 3.034
62 42 86.073
62 43 54.63
62 44 6.604
62 45 64.836
62 46 76.435
62 47 50.08
62 48 31.011
62 49 52.279
62 50 46.942
62 51 7.189
62 52 11.478
62 53 19.636
62 54 12.003
62 55 33.445
62 56 15.096
62 57 80.428
62 58 64.733
62 59 10.395
62 60 93.819
62 61 69.442
63 0 89.96
63 1 13.583
63 2 56.547
63 3 68.043
63 4 73.236
63 5 3.276
63 6 15.413
63 7 94.717
63 8 2.362
63 9 57.57
63 10 97.977
63 11 4.239
63 12 22.232
63 13 1.425
63 14 92.432
63 15 4.53
63 16 27.996
63 17 40.341
63 18 88.345
63 19 51.927
63 20 2.862
63 21 73.206
63 22 91.698
63 23 19.309
63 24 70.407
63 25 69.564
63 26 3.245
63 27 80.851
63 28 69.266
63 29 84.857
63 30 55.761
63 31 11.34
63 32 97.88
63 33 81.197
63 34 34.614
63 35 86.806
63 36 76.657
63 37 18.553
63 38 47.13
63 39 8.058
63 40 99.903
63 41 28.67
63 42 69.77
63 43 73.183
63 44 17.405
63 45 22.198
63 46 93.647
63 47 99.172
63 48 17.822
63 49 88.257
63 50 26.104
63 51 95.976
63 52 48.151
63 53 27.876
63 54 30.525
63 55 83.101
63 56 46.766
63 57 66.07
63 58 25.612
63 59 54.107
63 60 9.315
63 61 20.436
63 62 80.068
64 0 55.311
64 1 64.103
64 2 47.326
64 3 22.318
64 4 93.331
64 5 77.696
64 6 53.007
64 7 11.287
64 8 78.346
64 9 88.021
64 10 64.378
64 11 35.829
64 12 47.179
64 13 65.52
64 14 49.418
64 15 33.296
64 16 31.317
64 17 83.556
64 18 40.904
64 19 4.508
64 20 23.098
64 21 94.607
64 22 10.0
64 23 70.951
64 24 58.962
64 25 35.128
64 26 39.884
64 27 11.389
64 28 32.037
64 29 86.417
64 30 44.76
64 31 20.767
64 32 51.154
64 33 69.817
64 34 62.866
64 35 1.969
64 36 22.403
64 37 15.679
64 38 11.758
64 39 83.386
64 40 40.473
64 41 13.319
64 42 57.653
64 43 3.69
64 44 28.794
64 45 75.538
64 46 23.109
64 47 28.963
64 48 17.27
64 49 99.373
64 50 7.847
64 51 24.432
64 52 42.437
64 53 68.191
64 54 47.326
64 55 61.515
64 56 68.715
64 57 98.425
64 58 40.347
64 59 54.642
64 60 85.369
64 61 38.894
64 62 15.996
64 63 76.732
65 0 8.224
65 1 19.081
65 2 30.951
65 3 3.959
65 4 50.837
65 5 95.231
65 6 66.04
65 7 88.681
65 8 33.464
65 9 78.585
65 10 25.589
65 11 8.283
65 12 41.348
65 13 59.786
65 14 38.228
65 15 11.952
65 16 48.203
65 17 49.861
65 18 60.433
65 19 55.356
65 20 16.109
65 21 64.717
65 22 5.058
65 23 5.947
65 24 66.714
65 25 43.239
65 26 25.886
65 27 30.825
65 28 63.433
65 29 93.344
65 30 98.902
65 31 74.657
65 32 58.375
65 33 98.243
65 34 9.486
65 35 72.35
65 36 12.802
65 37 21.673
65 38 88.197
65 39 94.332
65 40 46.794
65 41 68.969
65 42 31.68
65 43 50.164
65 44 22.079
65 45 18.623
65 46 70.676
65 47 37.457
65 48 65.767
65 49 36.38
65 50 26.933
65 51 59.206
65 52 75.035
65 53 21.858
65 54 31.253
65 55 59.622
65 56 99.429
65 57 89.926
65 58 65.294
65 59 21.9
65 60 59.66
65 61 50.397
65 62 95.969
65 63 51.699
65 64 53.478
66 0 52.492
66 1 99.3
66 2 2.172
66 3 98.285
66 4 70.501
66 5 92.682
66 6 75.676
66 7 3.523
66 8 35.833
66 9 93.929
66 10 64.177
66 11 2.267
66 12 6.864
66 13 65.122
66 14 21.693
66 15 59.787
66 16 25.277
66 17 27.81
66 18 47.713
66 19 99.63
66 20 78.336
66 21 80.712
66 22 21.099
66 23 69.494
66 24 43.673
66 25 23.227
66 26 21.311
66 27 69.865
66 28 64.615
66 29 83.341
66 30 44.824
66 31 65.319
66 32 22.605
66 33 97.703
66 34 4.631
66 35 76.709
66 36 42.431
66 37 87.251
66 38 69.675
66 39 82.592
66 40 88.161
66 41 15.313
66 42 49.59
66 43 40.836
66 44 80.862
66 45 76.514
66 46 41.058
66 47 63.623
66 48 64.599
66 49 94.865
66 50 1.944
66 51 79.864
66 52 58.854
66 53 46.811
66 54 5.636
66 55 10.338
66 56 72.843
66 57 29.112
66 58 36.117
66 59 33.17
66 60 70.7
66 61 56.966
66 62 17.281
66 63 11.517
66 64 80.046
66 65 15.02
67 0 11.881
67 1 90.01
67 2 71.301
67 3 91.705
67 4 38.651
67 5 51.168
67 6 1.69
67 7 74.718
67 8 53.715
67 9 26.294
67 10 58.294
67 11 2.049
67 12 96.745
67 13 71.22
67 14 4.368
67 15 27.63
67 16 42.855
67 17 83.797
67 18 78.45
67 19 21.654
67 20 89.198
67 21 74.564
67 22 39.83
67 23 80.893
67 24 24.629
67 25 25.908
67 26 68.538
67 27 60.686
67 28 33.42
67 29 46.503
67 30 67.525
67 31 94.267
67 32 76.983
67 33 39.5
67 34 20.823
67 35 83.432
67 36 56.93
67 37 6.998
67 38 37.874
67 39 3.897
67 40 61.599
67 41 67.658
67 42 81.709
67 43 88.012
67 44 90.69
67 45 64.374
67 46 55.223
67 47 47.094
67 48 99.686
67 49 17.223
67 50 66.317
67 51 71.282
67 52 25.498
67 53 18.948
67 54 63.352
67 55 32.146
67 56 28.492
67 57 42.186
67 58 32.261
67 59 58.839
67 60 37.643
67 61 89.968
67 62 82.143
67 63 22.34
67 64 87.042
67 65 36.577
67 66 78.627
68 0 93.041
68 1 57.415
68 2 9.681
68 3 12.18
68 4 47.517
68 5 42.461
68 6 12.851
68 7 44.972
68 8 37.596
68 9 60.373
68 10 24.186
68 11 52.505
68 12 48.481
68 13 42.301
68 14 21.614
68 15 69.544
68 16 88.624
68 17 81.046
68 18 78.646
68 19 74.808
68 20 9.543
68 21 17.558
68 22 51.549
68 23 57.752
68 24 50.423
68 25 40.059
68 26 29.774
68 27 31.606
68 28 72.377
68 29 29.823
68 30 36.518
68 31 38.563
68 32 77.241
68 33 14.653
68 34 3.598
68 35 4.449
68 36 10.235
68 37 65.477
68 38 25.408
68 39 2.028
68 40 83.568
68 41 84.786
68 42 96.367
68 43 35.451
68 44 57.818
68 45 46.762
68 46 85.783
68 47 88.192
68 48 64.262
68 49 25.184
68 50 7.977
68 51 44.148
68 52 23.365
68 53 32.321
68 54 33.261
68 55 86.667
68 56 65.011
68 57 85.927
68 58 65.603
68 59 81.221
68 60 22.811
68 61 11.089
68 62 75.018
68 63 34.26
68 64 58.434
68 65 82.987
68 66 22.678
68 67 77.339
69 0 63.124
69 1 15.552
69 2 78.607
69 3 39.168
69 4 75.645
69 5 45.22
69 6 85.131
69 7 51.182
69 8 46.031
69 9 40.377
69 10 44.77
69 11 41.657
69 12 21.423
69 13 4.627
69 14 37.644
69 15 41.857
69 16 53.265
69 17 31.262
69 18 20.055
69 19 38.352
69 20 31.973
69 21 53.039
69 22 69.874
69 23 55.744
69 24 47.883
69 25 51.562
69 26 45.134
69 27 63.32
69 28 82.376
69 29 21.444
69 30 89.798
69 31 64.212
69 32 35.589
69 33 32.295
69 34 4.054
69 35 3.243
69 36 88.581
69 37 92.968
69 38 3.337
69 39 9.568
69 40 39.949
69 41 8.793
69 42 3.2
69 43 3.583
69 44 67.751
69 45 16.023
69 46 24.029
69 47 33.253
69 48 49.488
69 49 53.511
69 50 48.188
69 51 81.879
69 52 55.034
69 53 85.739
69 54 64.274
69 55 2.88
69 56 72.673
69 57 70.671
69 58 40.601
69 59 7.301
69 60 62.121
69 61 39.521
69 62 70.11
69 63 56.019
69 64 80.787
69 65 38.898
69 66 44.84
69 67 94.542
69 68 20.308
70 0 88.934
70 1 11.841
70 2 55.689
70 3 40.039
70 4 56.638
70 5 50.562
70 6 25.526
70 7 27.241
70 8 45.537
70 9 23.837
70 10 86.7
70 11 90.522
70 12 97.796
70 13 15.702
70 14 36.234
70 15 45.687
70 16 31.666
70 17 52.252
70 18 51.122
70 19 1.722
70 20 30.525
70 21 16.332
70 22 29.101
70 23 99.245
70 24 40.556
70 25 75.559
70 26 8.354
70 27 78.31
70 28 4.859
70 29 53.122
70 30 95.869
70 31 50.881
70 32 21.427
70 33 22.808
70 34 3.856
70 35 89.992
70 36 56.718
70 37 25.977
70 38 65.858
70 39 89.745
70 40 65.53
70 41 12.078
70 42 30.964
70 43 48.606
70 44 12.762
70 45 11.583
70 46 48.894
70 47 11.574
70 48 4.022
70 49 75.255
70 50 36.261
70 51 67.919
70 52 2.913
70 53 54.477
70 54 63.026
70 55 29.999
70 56 55.722
70 57 44.849
70 58 94.335
70 59 70.902
70 60 44.109
70 61 20.338
70 62 76.937
70 63 38.485
70 64 75.075
70 65 27.17
70 66 19.425
70 67 18.168
70 68 13.262
70 69 54.821
71 0 97.048
71 1 55.718
71 2 79.639
71 3 71.175
71 4 99.664
71 5 59.717
71 6 18.663
71 7 69.436
71 8 58.986
71 9 50.512
71 10 25.029
71 11 21.467
71 12 56.671
71 13 56.599
71 14 69.966
71 15 68.605
71 16 96.668
71 17 69.155
71 18 60.115
71 19 76.318
71 20 64.985
71 21 31.288
71 22 3.514
71 23 73.236
71 24 66.631
71 25 98.126
71 26 47.47
71 27 84.991
71 28 83.812
71 29 35.858
71 30 86.618
71 31 82.141
71 32 79.239
71 33 55.445
71 34 75.134
71 35 48.226
71 36 16.939
71 37 75.22
71 38 9.475
71 39 81.367
71 40 80.205
71 41 24.903
71 42 83.862
71 43 5.193
71 44 74.351
71 45 61.17
71 46 72.658
71 47 72.044
71 48 27.446
71 49 20.859
71 50 2.089
71 51 49.07
71 52 81.237
71 53 63.305
71 54 79.482
71 55 18.241
71 56 94.576
71 57 25.115
71 58 2.542
71 59 63.275
71 60 83.173
71 61 60.903
71 62 30.675
71 63 74.254
71 64 98.666
71 65 39.411
71 66 84.965
71 67 93.579
71 68 91.082
71 69 16.095
71 70 89.083
72 0 36.374
72 1 72.241
72 2 14.998
72 3 48.921
72 4 95.774
72 5 46.378
72 6 61.741
72 7 73.75
72 8 21.962
72 9 14.721
72 10 21.061
72 11 1.925
72 12 34.271
72 13 26.16
72 14 89.983
72 15 74.447
72 16 36.436
72 17 79.243
72 18 56.516
72 19 87.731
72 20 35.739
72 21 20.993
72 22 70.06
72 23 61.559
72 24 35.327
72 25 93.779
72 26 32.917
72 27 84.518
72 28 26.175
72 29 31.635
72 30 50.334
72 31 22.406
72 32 2.709
72 33 23.462
72 34 44.016
72 35 43.189
72 36 89.645
72 37 88.843
72 38 99.783
72 39 3.732
72 40 9.153
72 41 61.244
72 42 54.402
72 43 85.338
72 44 12.909
72 45 53.855
72 46 77.694
72 47 74.975
72 48 56.084
72 49 88.711
72 50 95.847
72 51 35.892
72 52 53.998
72 53 33.416
72 54 13.063
72 55 74.558
72 56 36.904
72 57 52.922
72 58 91.028
72 59 25.881
72 60 21.387
72 61 50.939
72 62 98.974
72 63 39.82
72 64 51.302
72 65 2.955
72 66 77.953
72 67 89.044
72 68 11.896
72 69 23.394
72 70 11.571
72 71 9.133
73 0 89.57
73 1 90.96
73 2 92.979
73 3 23.657
73 4 5.987
73 5 74.745
73 6 20.823
73 7 65.518
73 8 21.867
73 9 60.751
73 10 38.211
73 11 95.725
73 12 16.316
73 13 63.302
73 14 96.915
73 15 80.601
73 16 97.299
73 17 38.444
73 18 65.75
73 19 25.49
73 20 67.599
73 21 40.995
73 22 14.781
73 23 99.951
73 24 77.561
73 25 73.778
73 26 46.127
73 27 39.635
73 28 19.493
73 29 23.736
73 30 56.972
73 31 66.904
73 32 82.179
73 33 63.392
73 34 75.119
73 35 14.104
73 36 47.759
73 37 84.947
73 38 27.261
73 39 95.478
73 40 75.696
73 41 96.322
73 42 27.731
73 43 48.504
73 44 26.536
73 45 76.002
73 46 25.666
73 47 95.528
73 48 37.327
73 49 97.392
73 50 83.172
73 51 58.43
73 52 6.484
73 53 12.13
73 54 15.961
73 55 34.72
73 56 59.253
73 57 39.361
73 58 34.983
73 59 84.236
73 60 33.323
73 61 62.131
73 62 99.166
73 63 31.8
73 64 83.226
73 65 74.903
73 66 5.352
73 67 87.618
73 68 71.133
73 69 53.091
73 70 96.908
73 71 29.946
73 72 11.814
74 0 29.872
74 1 70.326
74 2 37.58
74 3 41.497
74 4 9.412
74 5 80.104
74 6 3.051
74 7 51.276
74 8 52.693
74 9 32.129
74 10 6.463
74 11 20.011
74 12 95.012
74 13 93.036
74 14 6.343
74 15 97.404
74 16 75.269
74 17 19.14
74 18 82.61
74 19 20.832
74 20 42.278
74 21 1.606
74 22 72.059
74 23 3.996
74 24 95.503
74 25 76.066
74 26 53.485
74 27 60.378
74 28 46.148
74 29 67.208
74 30 25.435
74 31 70.521
74 32 20.808
74 33 77.094
74 34 7.148
74 35 69.785
74 36 65.041
74 37 55.421
74 38 17.234
74 39 58.71
74 40 25.762
74 41 28.575
74 42 80.308
74 43 53.473
74 44 9.591
74 45 94.615
74 46 62.46
74 47 41.158
74 48 36.138
74 49 26.814
74 50 26.602
74 51 25.855
74 52 74.639
74 53 24.908
74 54 64.889
74 55 50.29
74 56 22.797
74 57 39.477
74 58 49.998
74 59 62.455
74 60 11.82
74 61 25.68
74 62 75.166
74 63 58.572
74 64 82.025
74 65 48.309
74 66 42.665
74 67 38.993
74 68 90.412
74 69 29.189
74 70 31.036
74 71 29.074
74 72 53.88
74 73 78.125
75 0 71.333
75 1 37.707
75 2 55.9
75 3 25.927
75 4 25.04
75 5 37.916
75 6 51.887
75 7 54.472
75 8 35.687
75 9 57.786
75 10 87.719
75 11 22.43
75 12 68.7
75 13 8.227
75 14 46.452
75 15 59.785
75 16 42.504
75 17 92.982
75 18 41.16
75 19 2.573
75 20 72.144
75 21 51.359
75 22 64.168
75 23 24.393
75 24 12.451
75 25 61.542
75 26 76.707
75 27 90.793
75 28 47.829
75 29 66.578
75 30 19.181
75 31 6.766
75 32 43.446
75 33 17.081
75 34 21.579
75 35 26.047
75 36 68.136
75 37 78.567
75 38 60.939
75 39 13.521
75 40 31.66
75 41 24.494
75 42 57.735
75 43 51.811
75 44 74.828
75 45 88.835
75 46 51.258
75 47 57.01
75 48 50.682
75 49 72.281
75 50 45.447
75 51 59.211
75 52 55.586
75 53 69.168
75 54 55.067
75 55 51.581
75 56 68.329
75 57 27.109
75 58 76.973
75 59 64.15
75 60 74.122
75 61 93.375
75 62 8.279
75 63 68.99
75 64 45.918
75 65 86.739
75 66 37.108
75 67 3.16
75 68 24.361
75 69 71.094
75 70 87.734
75 71 76.052
75 72 50.952
75 73 75.093
75 74 68.341
76 0 46.339
76 1 35.331
76 2 49.258
76 3 1.188
76 4 77.072
76 5 72.319
76 6 13.847
76 7 1.729
76 8 29.626
76 9 12.378
76 10 3.702
76 11 9.529
76 12 73.662
76 13 51.033
76 14 57.425
76 15 6.781
76 16 67.678
76 17 89.914
76 18 10.47
76 19 48.963
76 20 4.068
76 21 87.538
76 22 64.705
76 23 49.909
76 24 22.435
76 25 53.384
76 26 77.967
76 27 47.296
76 28 14.666
76 29 95.233
76 30 24.959
76 31 44.767
76 32 37.164
76 33 14.998
76 34 7.294
76 35 66.162
76 36 85.64
76 37 34.353
76 38 78.385
76 39 39.274
76 40 24.442
76 41 36.81
76 42 42.462
76 43 1.446
76 44 16.101
76 45 73.801
76 46 61.094
76 47 2.114
76 48 5.967
76 49 38.868
76 50 77.886
76 51 35.456
76 52 58.724
76 53 9.445
76 54 75.49
76 55 64.331
76 56 98.553
76 57 86.293
76 58 46.881
76 59 74.79
76 60 22.861
76 61 39.263
76 62 19.243
76 63 8.651
76 64 95.76
76 65 89.609
76 66 21.247
76 67 39.755
76 68 10.536
76 69 11.099
76 70 90.029
76 71 74.199
76 72 47.29
76 73 40.521
76 74 96.229
76 75 1.974
77 0 12.13
77 1 48.65
77 2 15.444
77 3 25.433
77 4 47.983
77 5 35.562
77 6 14.566
77 7 77.23
77 8 35.958
77 9 96.532
77 10 34.859
77 11 27.486
77 12 31.836
77 13 89.606
77 14 88.476
77 15 54.12
77 16 14.104
77 17 15.51
77 18 5.251
77 19 13.651
77 20 67.375
77 21 44.861
77 22 85.463
77 23 27.901
77 24 64.909
77 25 5.461
77 26 38.005
77 27 85.495
77 28 89.199
77 29 63.047
77 30 89.931
77 31 99.426
77 32 96.081
77 33 56.077
77 34 63.536
77 35 91.938
77 36 8.282
77 37 78.759
77 38 95.821
77 39 5.928
77 40 72.975
77 41 56.845
77 42 67.994
77 43 50.457
77 44 36.012
77 45 13.992
77 46 9.077
77 47 62.261
77 48 38.147
77 49 57.69
77 50 67.127
77 51 95.782
77 52 10.418
77 53 54.224
77 54 70.918
77 55 39.33
77 56 18.55
77 57 77.625
77 58 30.393
77 59 94.478
77 60 73.311
77 61 42.647
77 62 53.524
77 63 31.203
77 64 53.944
77 65 69.89
77 66 32.772
77 67 48.529
77 68 8.013
77 69 93.122
77 70 38.187
77 71 9.892
77 72 50.478
77 73 81.997
77 74 1.272
77 75 79.587
77 76 56.865
78 0 15.536
78 1 92.631
78 2 5.62
78 3 53.324
78 4 52.2
78 5 81.361
78 6 14.682
78 7 29.357
78 8 63.111
78 9 3.846
78 10 48.283
78 11 26.179
78 12 62.086
78 13 2.556
78 14 88.689
78 15 2.312
78 16 19.432
78 17 79.96
78 18 47.424
78 19 88.203
78 20 6.59
78 21 7.359
78 22 3.257
78 23 52.662
78 24 42.757
78 25 92.539
78 26 91.915
78 27 17.63
78 28 43.784
78 29 80.78
78 30 36.935
78 31 59.952
78 32 41.372
78 33 9.125
78 34 64.942
78 35 74.047
78 36 42.887
78 37 19.108
78 38 98.368
78 39 10.545
78 40 27.583
78 41 14.073
78 42 30.706
78 43 21.787
78 44 96.739
78 45 53.253
78 46 93.567
78 47 82.615
78 48 46.87
78 49 15.323
78 50 72.091
78 51 61.148
78 52 88.887
78 53 5.795
78 54 20.976
78 55 47.886
78 56 44.747
78 57 60.219
78 58 47.402
78 59 67.828
78 60 44.112
78 61 79.082
78 62 5.703
78 63 40.06
78 64 37.243
78 65 47.656
78 66 26.23
78 67 77.044
78 68 57.196
78 69 86.945
78 70 47.676
78 71 49.915
78 72 92.647
78 73 31.953
78 74 40.258
78 75 37.188
78 76 97.496
78 77 37.065
79 0 53.037
79 1 44.824
79 2 51.984
79 3 12.894
79 4 8.775
79 5 67.003
79 6 85.846
79 7 71.694
79 8 64.096
79 9 63.139
79 10 73.652
79 11 23.105
79 12 55.744
79 13 6.315
79 14 45.701
79 15 10.14
79 16 80.2
79 17 61.614
79 18 65.073
79 19 25.246
79 20 82.11
79 21 76.714
79 22 19.261
79 23 24.628
79 24 60.65
79 25 8.834
79 26 57.477
79 27 20.657
79 28 86.389
79 29 67.18
79 30 53.252
79 31 74.347
79 32 42.806
79 33 57.48
79 34 70.203
79 35 6.806
79 36 8.358
79 37 82.398
79 38 50.626
79 39 70.999
79 40 52.786
79 41 68.999
79 42 53.114
79 43 44.444
79 44 50.885
79 45 7.202
79 46 25.178
79 47 46.576
79 48 58.919
79 49 56.544
79 50 11.197
79 51 35.515
79 52 34.608
79 53 26.881
79 54 92.972
79 55 77.606
79 56 82.823
79 57 63.294
79 58 66.759
79 59 27.687
79 60 85.295
79 61 66.12
79 62 74.714
79 63 59.407
79 64 13.076
79 65 33.55
79 66 57.393
79 67 29.678
79 68 80.314
79 69 43.591
79 70 91.163
79 71 26.458
79 72 19.84
79 73 7.852
79 74 57.708
79 75 73.129
79 76 74.303
79 77 16.102
79 78 42.321
80 0 22.662
80 1 59.591
80 2 93.31
80 3 56.359
80 4 21.903
80 5 62.799
80 6 42.398
80 7 87.521
80 8 11.903
80 9 82.232
80 10 79.438
80 11 9.548
80 12 48.696
80 13 10.376
80 14 51.528
80 15 75.496
80 16 7.66
80 17 70.355
80 18 58.155
80 19 9.762
80 20 44.586
80 21 31.792
80 22 83.09
80 23 89.999
80 24 49.279
80 25 74.341
80 26 23.367
80 27 37.619
80 28 6.936
80 29 26.013
80 30 94.639
80 31 30.295
80 32 91.872
80 33 17.49
80 34 94.719
80 35 28.46
80 36 44.033
80 37 27.757
80 38 78.102
80 39 16.183
80 40 51.426
80 41 98.846
80 42 8.099
80 43 54.165
80 44 12.438
80 45 51.051
80 46 97.889
80 47 68.715
80 48 63.162
80 49 10.469
80 50 57.694
80 51 87.946
80 52 78.472
80 53 92.96
80 54 21.284
80 55 17.706
80 56 75.779
80 57 72.229
80 58 60.343
80 59 73.307
80 60 93.055
80 61 92.344
80 62 40.757
80 63 24.678
80 64 84.385
80 65 81.84
80 66 33.449
80 67 77.263
80 68 68.974
80 69 43.762
80 70 77.015
80 71 36.623
80 72 90.191
80 73 86.649
80 74 40.043
80 75 84.026
80 76 27.363
80 77 91.949
80 78 19.835
80 79 10.099
81 0 97.104
81 1 3.328
81 2 76.352
81 3 58.446
81 4 42.71
81 5 87.185
81 6 15.611
81 7 37.257
81 8 20.647
81 9 70.792
81 10 42.953
81 11 8.646
81 12 39.239
81 13 89.717
81 14 75.203
81 15 18.823
81 16 95.208
81 17 37.579
81 18 44.619
81 19 80.273
81 20 21.773
81 21 63.348
81 22 73.884
81 23 87.863
81 24 65.534
81 25 70.127
81 26 64.631
81 27 62.2
81 28 38.069
81 29 96.193
81 30 69.473
81 31 91.163
81 32 90.825
81 33 22.111
81 34 5.393
81 35 66.271
81 36 94.527
81 37 89.068
81 38 66.206
81 39 28.863
81 40 52.019
81 41 46.031
81 42 77.569
81 43 74.723
81 44 91.986
81 45 81.345
81 46 37.144
81 47 52.402
81 48 29.148
81 49 15.337
81 50 24.406
81 51 78.458
81 52 35.175
81 53 66.012
81 54 42.961
81 55 11.89
81 56 65.665
81 57 36.068
81 58 69.65
81 59 8.307
81 60 25.941
81 61 13.304
81 62 86.054
81 63 39.009
81 64 86.173
81 65 4.248
81 66 72.545
81 67 56.657
81 68 94.147
81 69 64.606
81 70 31.762
81 71 78.092
81 72 56.22
81 73 17.858
81 74 8.662
81 75 70.778
81 76 68.006
81 77 3.517
81 78 45.378
81 79 44.674
81 80 99.085
82 0 46.099
82 1 18.134
82 2 78.023
82 3 3.54
82 4 40.297
82 5 77.716
82 6 47.012
82 7 1.909
82 8 11.242
82 9 20.889
82 10 29.657
82 11 20.601
82 12 29.033
82 13 20.831
82 14 13.882
82 15 75.753
82 16 27.539
82 17 34.824
82 18 99.937
82 19 56.623
82 20 45.982
82 21 28.96
82 22 55.283
82 23 26.181
82 24 27.098
82 25 11.288
82 26 81.487
82 27 58.715
82 28 99.512
82 29 7.182
82 30 44.13
82 31 68.464
82 32 15.773
82 33 22.476
82 34 98.581
82 35 77.756
82 36 58.709
82 37 90.95
82 38 49.713
82 39 51.354
82 40 55.987
82 41 23.77
82 42 5.218
82 43 26.259
82 44 67.482
82 45 3.983
82 46 31.576
82 47 12.495
82 48 11.296
82 49 79.646
82 50 89.151
82 51 48.84
82 52 5.918
82 53 92.655
82 54 70.604
82 55 77.113
82 56 82.023
82 57 54.995
82 58 34.849
82 59 80.325
82 60 34.713
82 61 69.876
82 62 1.094
82 63 82.013
82 64 84.69
82 65 47.894
82 66 62.548
82 67 30.518
82 68 10.728
82 69 61.566
82 70 60.415
82 71 17.943
82 72 19.336
82 73 92.545
82 74 69.655
82 75 24.778
82 76 91.134
82 77 54.31
82 78 9.704
82 79 81.141
82 80 84.458
82 81 59.666
83 0 67.578
83 1 76.437
83 2 1.002
83 3 16.939
83 4 92.189
83 5 13.552
83 6 57.937
83 7 48.286
83 8 39.208
83 9 98.868
83 10 23.859
83 11 20.672
83 12 83.985
83 13 34.68
83 14 76.56
83 15 44.264
83 16 28.189
83 17 65.7
83 18 10.696
83 19 49.856
83 20 47.699
83 21 50.032
83 22 90.731
83 23 40.332
83 24 97.98
83 25 67.794
83 26 63.872
83 27 63.397
83 28 40.252
83 29 44.924
83 30 10.272
83 31 68.73
83 32 68.34
83 33 79.49
83 34 36.848
83 35 58.897
83 36 12.087
83 37 17.002
83 38 80.088
83 39 20.034
83 40 17.091
83 41 1.603
83 42 89.66
83 43 88.018
83 44 58.638
83 45 39.848
83 46 95.659
83 47 7.742
83 48 88.94
83 49 77.057
83 50 10.16
83 51 35.109
83 52 14.961
83 53 41.081
83 54 21.951
83 55 33.276
83 56 55.732
83 57 27.07
83 58 64.536
83 59 52.699
83 60 51.921
83 61 47.859
83 62 2.96
83 63 88.203
83 64 30.438
83 65 92.321
83 66 74.431
83 67 37.049
83 68 97.596
83 69 57.456
83 70 91.951
83 71 87.529
83 72 67.872
83 73 49.353
83 74 96.35
83 75 63.334
83 76 83.785
83 77 47.979
83 78 86.471
83 79 39.819
83 80 87.445
83 81 71.979
83 82 96.4
84 0 93.038
84 1 70.995
84 2 8.877
84 3 11.946
84 4 49.704
84 5 16.246
84 6 65.578
84 7 1.729
84 8 89.54
84 9 67.087
84 10 82.238
84 11 53.041
84 12 80.785
84 13 93.015
84 14 78.266
84 15 36.1
84 16 63.701
84 17 31.721
84 18 29.607
84 19 11.392
84 20 51.081
84 21 88.175
84 22 16.984
84 23 17.07
84 24 11.41
84 25 39.652
84 26 63.37
84 27 91.886
84 28 27.789
84 29 96.587
84 30 17.646
84 31 2.848
84 32 63.903
84 33 62.667
84 34 2.799
84 35 50.927
84 36 59.321
84 37 82.142
84 38 30.988
84 39 37.914
84 40 97.533
84 41 45.949
84 42 75.276
84 43 89.343
84 44 28.279
84 45 53.285
84 46 32.037
84 47 35.985
84 48 88.212
84 49 37.43
84 50 90.887
84 51 44.576
84 52 31.103
84 53 34.807
84 54 24.697
84 55 63.937
84 56 74.079
84 57 84.671
84 58 34.825
84 59 1.869
84 60 3.587
84 61 76.555
84 62 35.331
84 63 88.012
84 64 75.388
84 65 17.228
84 66 75.503
84 67 48.965
84 68 55.595
84 69 46.788
84 70 76.517
84 71 31.832
84 72 64.952
84 73 55.228
84 74 13.527
84 75 63.074
84 76 57.786
84 77 5.457
84 78 58.736
84 79 1.644
84 80 19.984
84 81 3.005
84 82 54.685
84 83 91.962
85 0 35.715
85 1 64.951
85 2 13.606
85 3 43.947
85 4 95.317
85 5 4.161
85 6 49.27
85 7 74.402
85 8 90.763
85 9 72.148
85 10 29.546
85 11 63.827
85 12 93.915
85 13 70.03
85 14 21.983
85 15 20.053
85 16 46.646
85 17 55.168
85 18 11.972
85 19 67.45
85 20 46.567
85 21 66.632
85 22 91.088
85 23 36.198
85 24 71.139
85 25 19.458
85 26 79.584
85 27 98.118
85 28 36.0
85 29 61.186
85 30 92.081
85 31 3.404
85 32 49.437
85 33 18.435
85 34 43.75
85 35 67.672
85 36 19.714
85 37 70.823
85 38 52.702
85 39 10.456
85 40 90.586
85 41 5.71
85 42 82.381
85 43 90.717
85 44 83.817
85 45 46.357
85 46 67.657
85 47 21.223
85 48 16.046
85 49 65.852
85 50 78.246
85 51 85.425
85 52 88.505
85 53 13.925
85 54 81.945
85 55 51.335
85 56 87.768
85 57 41.898
85 58 16.377
85 59 50.226
85 60 59.709
85 61 54.855
85 62 68.446
85 63 99.177
85 64 54.835
85 65 76.154
85 66 22.087
85 67 23.872
85 68 90.188
85 69 51.861
85 70 4.836
85 71 48.82
85 72 84.401
85 73 48.236
85 74 28.533
85 75 21.109
85 76 19.171
85 77 87.987
85 78 68.661
85 79 21.456
85 80 28.466
85 81 96.148
85 82 94.798
85 83 45.384
85 84 91.584
86 0 64.473
86 1 38.702
86 2 94.629
86 3 44.811
86 4 18.269
86 5 43.718
86 6 54.4
86 7 66.721
86 8 3.548
86 9 44.724
86 10 50.029
86 11 19.654
86 12 80.893
86 13 74.913
86 14 75.151
86 15 36.145
86 16 92.835
86 17 68.646
86 18 7.54
86 19 18.713
86 20 16.048
86 21 8.809
86 22 85.719
86 23 34.837
86 24 17.416
86 25 57.547
86 26 90.616
86 27 41.834
86 28 11.712
86 29 67.587
86 30 62.096
86 31 58.105
86 32 63.816
86 33 17.413
86 34 48.346
86 35 71.643
86 36 44.467
86 37 29.396
86 38 86.482
86 39 83.008
86 40 55.696
86 41 71.532
86 42 89.68
86 43 3.768
86 44 55.937
86 45 5.386
86 46 95.791
86 47 73.354
86 48 66.279
86 49 10.2
86 50 28.276
86 51 37.115
86 52 15.367
86 53 26.454
86 54 63.449
86 55 77.654
86 56 22.659
86 57 38.909
86 58 60.226
86 59 52.987
86 60 30.531
86 61 41.435
86 62 52.444
86 63 2.918
86 64 79.184
86 65 66.151
86 66 19.991
86 67 58.933
86 68 86.545
86 69 35.767
86 70 61.102
86 71 37.241
86 72 82.834
86 73 52.189
86 74 21.999
86 75 40.794
86 76 90.872
86 77 19.498
86 78 78.043
86 79 4.903
86 80 33.724
86 81 90.006
86 82 60.13
86 83 92.458
86 84 2.809
86 85 51.99
87 0 97.383
87 1 77.443
87 2 83.565
87 3 52.537
87 4 62.222
87 5 24.921
87 6 13.547
87 7 69.303
87 8 87.744
87 9 40.74
87 10 46.501
87 11 22.333
87 12 87.364
87 13 65.901
87 14 86.826
87 15 86.086
87 16 61.267
87 17 44.154
87 18 63.169
87 19 86.841
87 20 83.009
87 21 25.72
87 22 14.19
87 23 29.885
87 24 23.641
87 25 86.374
87 26 85.664
87 27 44.543
87 28 65.696
87 29 98.381
87 30 23.736
87 31 36.061
87 32 38.68
87 33 80.233
87 34 95.839
87 35 24.958
87 36 8.44
87 37 39.532
87 38 23.452
87 39 90.431
87 40 7.091
87 41 44.449
87 42 40.428
87 43 99.945
87 44 10.71
87 45 12.489
87 46 70.889
87 47 51.732
87 48 25.733
87 49 32.212
87 50 20.647
87 51 91.815
87 52 57.35
87 53 90.142
87 54 40.809
87 55 44.815
87 56 92.772
87 57 23.54
87 58 30.489
87 59 12.196
87 60 84.264
87 61 49.06
87 62 51.747
87 63 62.5
87 64 88.314
87 65 42.327
87 66 45.111
87 67 21.181
87 68 73.513
87 69 63.95
87 70 42.552
87 71 42.999
87 72 87.911
87 73 45.244
87 74 45.217
87 75 23.451
87 76 62.239
87 77 51.709
87 78 86.905
87 79 32.164
87 80 60.818
87 81 65.332
87 82 42.359
87 83 59.69
87 84 56.307
87 85 61.303
87 86 59.192
88 0 15.053
88 1 29.85
88 2 55.541
88 3 21.713
88 4 24.073
88 5 89.035
88 6 28.911
88 7 54.387
88 8 30.024
88 9 96.496
88 10 52.342
88 11 61.344
88 12 38.514
88 13 61.177
88 14 45.361
88 15 75.277
88 16 27.227
88 17 32.269
88 18 94.259
88 19 30.439
88 20 7.368
88 21 75.498
88 22 73.067
88 23 70.932
88 24 76.491
88 25 90.732
88 26 74.058
88 27 53.697
88 28 4.726
88 29 12.293
88 30 43.928
88 31 61.787
88 32 89.544
88 33 48.154
88 34 17.542
88 35 5.47
88 36 91.836
88 37 53.068
88 38 3.228
88 39 65.885
88 40 92.813
88 41 63.826
88 42 56.264
88 43 52.246
88 44 79.829
88 45 41.752
88 46 4.959
88 47 54.421
88 48 9.354
88 49 30.555
88 50 19.178
88 51 1.047
88 52 34.706
88 53 22.073
88 54 81.88
88 55 59.358
88 56 97.225
88 57 41.711
88 58 17.326
88 59 7.264
88 60 68.293
88 61 95.394
88 62 22.666
88 63 88.532
88 64 59.554
88 65 58.433
88 66 29.041
88 67 53.081
88 68 64.412
88 69 65.709
88 70 76.009
88 71 76.175
88 72 93.189
88 73 36.62
88 74 30.232
88 75 31.332
88 76 94.323
88 77 62.497
88 78 45.744
88 79 73.635
88 80 25.144
88 81 59.746
88 82 93.262
88 83 33.532
88 84 83.892
88 85 21.624
88 86 51.573
88 87 56.148
89 0 96.949
89 1 64.368
89 2 2.985
89 3 41.347
89 4 38.296
89 5 69.981
89 6 78.541
89 7 52.01
89 8 83.932
89 9 15.671
89 10 54.8
89 11 46.446
89 12 62.169
89 13 17.54
89 14 64.702
89 15 38.642
89 16 67.278
89 17 50.312
89 18 34.653
89 19 65.47
89 20 37.349
89 21 73.385
89 22 34.945
89 23 2.73
89 24 43.74
89 25 49.645
89 26 50.964
89 27 44.815
89 28 46.584
89 29 47.831
89 30 67.053
89 31 32.815
89 32 99.062
89 33 99.512
89 34 7.317
89 35 38.693
89 36 50.464
89 37 67.724
89 38 3.301
89 39 44.512
89 40 76.14
89 41 53.573
89 42 21.325
89 43 79.356
89 44 49.25
89 45 24.537
89 46 18.497
89 47 45.957
89 48 30.909
89 49 65.737
89 50 76.701
89 51 91.266
89 52 81.982
89 53 57.861
89 54 56.738
89 55 33.833
89 56 7.122
89 57 81.925
89 58 75.366
89 59 60.35
89 60 13.887
89 61 37.306
89 62 71.514
89 63 99.943
89 64 67.896
89 65 96.825
89 66 29.303
89 67 17.41
89 68 19.256
89 69 53.252
89 70 23.701
89 71 30.619
89 72 81.388
89 73 1.19
89 74 82.343
89 75 35.005
89 76 19.515
89 77 73.672
89 78 85.63
89 79 70.808
89 80 63.229
89 81 34.1
89 82 93.317
89 83 96.278
89 84 43.958
89 85 94.956
89 86 6.807
89 87 52.924
89 88 56.513
90 0 42.814
90 1 79.671
90 2 47.538
90 3 63.074
90 4 77.722
90 5 9.36
90 6 20.438
90 7 71.598
90 8 53.111
90 9 82.11
90 10 49.537
90 11 82.208
90 12 16.429
90 13 31.977
90 14 23.191
90 15 99.599
90 16 53.88
90 17 71.57
90 18 91.668
90 19 65.566
90 20 28.839
90 21 85.577
90 22 13.718
90 23 52.208
90 24 23.268
90 25 13.43
90 26 57.621
90 27 4.766
90 28 41.278
90 29 59.458
90 30 88.624
90 31 2.741
90 32 89.362
90 33 88.158
90 34 30.336
90 35 11.697
90 36 17.066
90 37 27.484
90 38 33.644
90 39 67.547
90 40 56.976
90 41 18.193
90 42 91.342
90 43 8.012
90 44 24.58
90 45 8.631
90 46 69.185
90 47 22.138
90 48 95.075
90 49 29.804
90 50 50.015
90 51 30.278
90 52 53.312
90 53 15.777
90 54 50.622
90 55 30.131
90 56 76.881
90 57 73.753
90 58 39.144
90 59 55.145
90 60 8.637
90 61 99.889
90 62 53.923
90 63 73.172
90 64 65.07
90 65 74.737
90 66 99.986
90 67 97.478
90 68 40.93
90 69 2.846
90 70 37.035
90 71 98.106
90 72 58.486
90 73 37.432
90 74 78.521
90 75 39.247
90 76 88.526
90 77 49.504
90 78 51.164
90 79 6.43
90 80 58.165
90 81 90.566
90 82 71.388
90 83 65.174
90 84 74.072
90 85 30.057
90 86 99.703
90 87 18.647
90 88 53.915
90 89 9.446
91 0 80.106
91 1 36.66
91 2 28.207
91 3 12.415
91 4 84.514
91 5 70.617
91 6 81.207
91 7 84.876
91 8 43.336
91 9 15.351
91 10 48.754
91 11 43.068
91 12 81.247
91 13 6.396
91 14 36.693
91 15 68.931
91 16 72.284
91 17 92.14
91 18 24.661
91 19 47.328
91 20 1.459
91 21 97.073
91 22 37.49
91 23 8.639
91 24 21.809
91 25 81.602
91 26 31.072
91 27 73.962
91 28 76.165
91 29 33.268
91 30 59.592
91 31 81.992
91 32 59.383
91 33 72.38
91 34 54.94
91 35 45.201
91 36 17.515
91 37 63.999
91 38 65.973
91 39 88.762
91 40 43.917
91 41 84.036
91 42 57.581
91 43 18.586
91 44 56.091
91 45 81.903
91 46 34.099
91 47 81.133
91 48 85.102
91 49 35.389
91 50 91.143
91 51 70.368
91 52 12.521
91 53 50.137
91 54 68.523
91 55 34.784
91 56 87.352
91 57 5.207
91 58 84.624
91 59 97.087
91 60 33.177
91 61 36.885
91 62 5.571
91 63 20.23
91 64 62.475
91 65 86.408
91 66 54.16
91 67 25.715
91 68 13.689
91 69 67.451
91 70 30.849
91 71 8.764
91 72 24.127
91 73 89.785
91 74 30.463
91 75 31.16
91 76 43.541
91 77 5.647
91 78 74.819
91 79 96.965
91 80 97.9
91 81 61.833
91 82 92.665
91 83 53.925
91 84 43.405
91 85 16.266
91 86 97.477
91 87 51.675
91 88 68.009
91 89 54.793
91 90 41.535
92 0 64.091
92 1 12.844
92 2 16.154
92 3 30.149
92 4 73.055
92 5 50.55
92 6 10.07
92 7 37.158
92 8 61.887
92 9 92.131
92 10 11.503
92 11 63.148
92 12 57.388
92 13 91.452
92 14 65.56
92 15 74.875
92 16 63.496
92 17 79.275
92 18 50.705
92 19 7.825
92 20 64.268
92 21 19.44
92 22 64.069
92 23 27.2
92 24 67.922
92 25 44.371
92 26 62.626
92 27 96.264
92 28 5.221
92 29 50.065
92 30 7.007
92 31 33.604
92 32 20.708
92 33 72.596
92 34 20.872
92 35 1.198
92 36 38.055
92 37 77.083
92 38 9.06
92 39 28.684
92 40 83.336
92 41 72.449
92 42 93.03
92 43 35.83
92 44 99.537
92 45 84.314
92 46 15.303
92 47 34.757
92 48 68.041
92 49 44.144
92 50 30.93
92 51 3.413
92 52 94.82
92 53 99.469
92 54 76.101
92 55 33.313
92 56 16.611
92 57 61.879
92 58 31.679
92 59 52.744
92 60 84.558
92 61 81.653
92 62 98.207
92 63 53.075
92 64 83.016
92 65 86.498
92 66 31.632
92 67 47.645
92 68 23.412
92 69 79.905
92 70 39.139
92 71 20.675
92 72 8.644
92 73 96.698
92 74 8.741
92 75 66.266
92 76 17.198
92 77 13.833
92 78 46.509
92 79 86.703
92 80 90.784
92 81 49.544
92 82 42.716
92 83 89.386
92 84 35.97
92 85 86.524
92 86 78.86
92 87 59.811
92 88 82.628
92 89 20.363
92 90 12.181
92 91 74.891
93 0 10.043
93 1 57.924
93 2 15.538
93 3 28.697
93 4 40.199
93 5 2.111
93 6 40.946
93 7 97.129
93 8 4.34
93 9 79.769
93 10 33.935
93 11 88.31
93 12 64.929
93 13 56.102
93 14 42.135
93 15 16.803
93 16 80.152
93 17 79.007
93 18 10.891
93 19 21.021
93 20 18.174
93 21 6.88
93 22 44.149
93 23 22.287
93 24 41.362
93 25 93.931
93 26 38.313
93 27 92.029
93 28 44.263
93 29 48.957
93 30 82.336
93 31 64.986
93 32 55.089
93 33 86.797
93 34 16.657
93 35 19.62
93 36 47.044
93 37 27.622
93 38 19.905
93 39 79.699
93 40 15.988
93 41 6.444
93 42 87.455
93 43 27.278
93 44 5.738
93 45 38.723
93 46 45.927
93 47 50.436
93 48 81.923
93 49 85.922
93 50 28.502
93 51 45.755
93 52 59.804
93 53 30.549
93 54 57.544
93 55 37.996
93 56 35.686
93 57 71.805
93 58 65.292
93 59 95.014
93 60 7.724
93 61 5.048
93 62 28.095
93 63 51.424
93 64 79.792
93 65 97.038
93 66 40.916
93 67 32.097
93 68 59.857
93 69 70.666
93 70 50.622
93 71 12.369
93 72 54.766
93 73 62.364
93 74 85.839
93 75 79.075
93 76 23.954
93 77 73.629
93 78 37.28
93 79 8.453
93 80 55.522
93 81 56.723
93 82 70.319
93 83 39.775
93 84 39.782
93 85 71.997
93 86 32.887
93 87 98.015
93 88 40.547
93 89 78.357
93 90 94.813
93 91 19.227
93 92 81.902
94 0 96.528
94 1 58.136
94 2 82.284
94 3 13.625
94 4 19.862
94 5 33.206
94 6 23.316
94 7 68.493
94 8 21.484
94 9 14.838
94 10 83.796
94 11 96.494
94 12 93.686
94 13 29.904
94 14 48.84
94 15 76.504
94 16 62.726
94 17 87.747
94 18 10.87
94 19 55.058
94 20 93.846
94 21 19.718
94 22 46.255
94 23 93.069
94 24 10.73
94 25 49.87
94 26 24.441
94 27 31.342
94 28 22.734
94 29 98.701
94 30 91.723
94 31 73.674
94 32 87.471
94 33 8.587
94 34 35.533
94 35 75.843
94 36 6.733
94 37 49.516
94 38 75.59
94 39 93.032
94 40 67.786
94 41 23.964
94 42 53.568
94 43 31.923
94 44 25.66
94 45 88.294
94 46 77.076
94 47 95.398
94 48 78.923
94 49 37.208
94 50 13.195
94 51 75.279
94 52 33.423
94 53 85.564
94 54 10.922
94 55 31.573
94 56 50.224
94 57 23.669
94 58 68.754
94 59 72.586
94 60 87.845
94 61 48.685
94 62 27.264
94 63 6.98
94 64 10.374
94 65 80.951
94 66 80.013
94 67 48.374
94 68 71.377
94 69 85.231
94 70 26.953
94 71 28.74
94 72 83.884
94 73 16.597
94 74 26.981
94 75 73.792
94 76 19.714
94 77 7.877
94 78 39.531
94 79 70.748
94 80 46.746
94 81 95.591
94 82 68.433
94 83 21.304
94 84 37.791
94 85 23.582
94 86 97.172
94 87 36.879
94 88 46.97
94 89 47.348
94 90 70.725
94 91 6.207
94 92 24.683
94 93 29.823
95 0 90.627
95 1 91.419
95 2 23.397
95 3 20.488
95 4 55.929
95 5 18.452
95 6 88.698
95 7 63.813
95 8 80.436
95 9 4.244
95 10 41.49
95 11 46.388
95 12 20.838
95 13 12.972
95 14 74.509
95 15 15.955
95 16 28.629
95 17 18.277
95 18 14.025
95 19 27.15
95 20 24.122
95 21 31.651
95 22 30.542
95 23 45.413
95 24 48.618
95 25 29.623
95 26 1.917
95 27 5.471
95 28 30.546
95 29 55.635
95 30 87.226
95 31 33.711
95 32 27.764
95 33 53.196
95 34 81.5
95 35 88.407
95 36 89.858
95 37 80.344
95 38 65.973
95 39 30.633
95 40 43.247
95 41 79.174
95 42 53.113
95 43 80.226
95 44 9.369
95 45 92.577
95 46 54.725
95 47 41.368
95 48 7.966
95 49 51.343
95 50 77.09
95 51 22.739
95 52 9.27
95 53 60.682
95 54 17.442
95 55 45.472
95 56 5.505
95 57 64.863
95 58 7.653
95 59 45.591
95 60 72.838
95 61 88.661
95 62 53.706
95 63 50.0
95 64 76.008
95 65 95.678
95 66 68.426
95 67 53.148
95 68 19.754
95 69 93.585
95 70 10.778
95 71 21.935
95 72 50.096
95 73 80.786
95 74 43.214
95 75 27.81
95 76 5.158
95 77 19.223
95 78 85.038
95 79 89.612
95 80 60.745
95 81 18.636
95 82 17.939
95 83 32.483
95 84 20.134
95 85 63.918
95 86 16.499
95 87 96.518
95 88 40.097
95 89 58.408
95 90 23.555
95 91 87.607
95 92 79.031
95 93 4.414
95 94 1.618
96 0 32.533
96 1 45.589
96 2 80.245
96 3 31.528
96 4 69.077
96 5 21.013
96 6 94.71
96 7 93.499
96 8 77.561
96 9 25.184
96 10 87.615
96 11 40.065
96 12 92.471
96 13 23.167
96 14 45.212
96 15 76.765
96 16 54.124
96 17 63.681
96 18 97.028
96 19 9.65
96 20 67.185
96 21 25.286
96 22 26.319
96 23 34.431
96 24 46.145
96 25 82.403
96 26 80.695
96 27 29.967
96 28 75.767
96 29 42.456
96 30 16.934
96 31 10.928
96 32 13.632
96 33 1.055
96 34 86.43
96 35 36.736
96 36 81.293
96 37 44.136
96 38 70.242
96 39 94.898
96 40 39.222
96 41 10.386
96 42 16.827
96 43 45.69
96 44 62.296
96 45 29.962
96 46 44.857
96 47 21.284
96 48 21.819
96 49 19.151
96 50 47.335
96 51 25.681
96 52 10.468
96 53 99.622
96 54 26.393
96 55 67.155
96 56 21.319
96 57 2.155
96 58 79.157
96 59 43.649
96 60 72.782
96 61 39.021
96 62 64.289
96 63 95.388
96 64 24.421
96 65 44.368
96 66 73.024
96 67 49.308
96 68 58.275
96 69 77.757
96 70 85.459
96 71 86.789
96 72 62.701
96 73 71.0
96 74 98.476
96 75 55.252
96 76 28.81
96 77 44.954
96 78 63.445
96 79 15.973
96 80 66.616
96 81 36.858
96 82 28.673
96 83 2.408
96 84 22.104
96 85 1.438
96 86 73.42
96 87 12.632
96 88 55.113
96 89 70.794
96 90 85.445
96 91 23.452
96 92 76.375
96 93 56.883
96 94 80.204
96 95 62.769
97 0 59.344
97 1 62.289
97 2 68.958
97 3 83.266
97 4 82.148
97 5 66.127
97 6 95.899
97 7 39.292
97 8 48.537
97 9 75.925
97 10 98.456
97 11 76.963
97 12 17.637
97 13 76.722
97 14 6.651
97 15 17.236
97 16 34.533
97 17 57.044
97 18 4.881
97 19 28.014
97 20 24.225
97 21 85.987
97 22 42.246
97 23 23.097
97 24 3.913
97 25 27.419
97 26 86.273
97 27 76.393
97 28 51.364
97 29 51.005
97 30 3.71
97 31 14.083
97 32 8.545
97 33 91.507
97 34 25.864
97 35 83.178
97 36 46.627
97 37 71.972
97 38 90.006
97 39 83.417
97 40 50.43
97 41 32.031
97 42 61.471
97 43 83.734
97 44 6.817
97 45 23.723
97 46 56.932
97 47 95.092
97 48 32.938
97 49 34.73
97 50 99.157
97 51 11.385
97 52 92.57
97 53 67.888
97 54 83.445
97 55 60.644
97 56 20.252
97 57 56.823
97 58 69.459
97 59 36.287
97 60 73.226
97 61 60.281
97 62 29.784
97 63 90.774
97 64 71.602
97 65 80.63
97 66 82.216
97 67 19.404
97 68 64.504
97 69 54.922
97 70 97.45
97 71 23.095
97 72 53.843
97 73 5.817
97 74 25.078
97 75 38.656
97 76 48.068
97 77 65.743
97 78 78.829
97 79 88.241
97 80 11.641
97 81 90.998
97 82 19.989
97 83 2.366
97 84 82.807
97 85 66.767
97 86 45.218
97 87 36.766
97 88 62.429
97 89 31.793
97 90 90.71
97 91 94.342
97 92 2.575
97 93 76.526
97 94 23.832
97 95 48.925
97 96 83.854
98 0 54.133
98 1 53.368
98 2 21.288
98 3 83.825
98 4 98.142
98 5 69.474
98 6 76.338
98 7 16.172
98 8 62.992
98 9 88.278
98 10 87.32
98 11 53.018
98 12 70.815
98 13 49.842
98 14 67.526
98 15 32.574
98 16 72.09
98 17 12.655
98 18 17.444
98 19 75.441
98 20 31.786
98 21 57.538
98 22 61.367
98 23 22.919
98 24 86.745
98 25 20.388
98 26 34.578
98 27 43.64
98 28 73.018
98 29 94.733
98 30 54.11
98 31 17.535
98 32 3.21
98 33 9.807
98 34 37.888
98 35 55.087
98 36 48.724
98 37 72.366
98 38 21.816
98 39 12.97
98 40 14.566
98 41 56.308
98 42 99.057
98 43 95.573
98 44 48.923
98 45 38.315
98 46 23.642
98 47 78.079
98 48 60.868
98 49 21.205
98 50 93.843
98 51 61.757
98 52 12.58
98 53 66.588
98 54 37.936
98 55 8.594
98 56 37.592
98 57 97.106
98 58 73.298
98 59 44.264
98 60 55.306
98 61 73.902
98 62 1.557
98 63 3.804
98 64 26.882
98 65 73.248
98 66 62.811
98 67 74.735
98 68 86.621
98 69 89.428
98 70 38.342
98 71 81.488
98 72 35.178
98 73 94.543
98 74 83.123
98 75 97.261
98 76 85.097
98 77 84.614
98 78 25.742
98 79 42.683
98 80 98.852
98 81 23.554
98 82 54.335
98 83 99.832
98 84 79.266
98 85 7.951
98 86 45.831
98 87 23.886
98 88 41.161
98 89 96.274
98 90 44.928
98 91 28.303
98 92 79.305
98 93 97.846
98 94 84.264
98 95 67.672
98 96 52.447
98 97 88.949
99 0 20.532
99 1 81.035
99 2 75.664
99 3 35.757
99 4 91.435
99 5 45.601
99 6 96.442
99 7 70.782
99 8 87.812
99 9 1.739
99 10 87.371
99 11 65.736
99 12 73.162
99 13 30.921
99 14 80.556
99 15 43.932
99 16 32.737
99 17 90.904
99 18 80.842
99 19 66.587
99 20 88.841
99 21 52.387
99 22 18.947
99 23 17.081
99 24 16.023
99 25 5.428
99 26 34.918
99 27 6.371
99 28 4.036
99 29 29.918
99 30 16.122
99 31 30.349
99 32 76.302
99 33 3.16
99 34 83.32
99 35 84.263
99 36 1.443
99 37 38.038
99 38 91.802
99 39 73.87
99 40 24.372
99 41 92.501
99 42 66.229
99 43 9.171
99 44 8.671
99 45 62.666
99 46 51.573
99 47 19.688
99 48 52.512
99 49 89.104
99 50 67.759
99 51 32.112
99 52 53.875
99 53 34.014
99 54 26.63
99 55 47.25
99 56 92.617
99 57 71.725
99 58 86.917
99 59 76.004
99 60 83.302
99 61 43.646
99 62 54.666
99 63 38.748
99 64 96.368
99 65 89.37
99 66 51.516
99 67 45.678
99 68 67.391
99 69 25.428
99 70 63.013
99 71 75.295
99 72 20.218
99 73 87.365
99 74 98.941
99 75 41.079
99 76 21.277
99 77 53.263
99 78 37.7
99 79 92.227
99 80 27.912
99 81 70.515
99 82 65.694
99 83 59.649
99 84 24.422
99 85 22.557
99 86 1.685
99 87 7.025
99 88 64.417
99 89 33.126
99 90 65.867
99 91 23.02
99 92 50.878
99 93 3.658
99 94 14.371
99 95 6.783
99 96 68.174
99 97 67.978
99 98 65.149
