25
1 0 93.737
2 0 19.149
2 1 8.22
3 0 18.939
3 1 76.012
3 2 97.128
4 0 24.198
4 1 97.804
4 2 99.862
4 3 47.359
5 0 45.008
5 1 37.917
5 2 7.442
5 3 10.325
5 4 9.752
6 0 14.13
6 1 86.884
6 2 83.307
6 3 29.546
6 4 67.992
6 5 66.538
7 0 80.641
7 1 40.471
7 2 74.337
7 3 94.771
7 4 44.338
7 5 29.724
7 6 32.628
8 0 14.844
8 1 53.071
8 2 98.222
8 3 13.832
8 4 76.477
8 5 6.19
8 6 90.822
8 7 20.48
9 0 12.057
9 1 70.028
9 2 86.064
9 3 3.127
9 4 62.813
9 5 57.025
9 6 2.949
9 7 89.59
9 8 56.692
10 0 79.331
10 1 93.181
10 2 26.237
10 3 49.328
10 4 9.114
10 5 34.332
10 6 49.948
10 7 34.371
10 8 75.179
10 9 44.806
11 0 93.599
11 1 97.179
11 2 76.846
11 3 66.732
11 4 18.078
11 5 73.95
11 6 27.984
11 7 51.399
11 8 74.564
11 9 67.493
11 10 65.739
12 0 85.92
12 1 83.241
12 2 11.434
12 3 68.092
12 4 84.784
12 5 87.087
12 6 47.511
12 7 34.588
12 8 35.923
12 9 93.458
12 10 46.227
12 11 74.276
13 0 48.417
13 1 35.983
13 2 93.596
13 3 57.909
13 4 42.919
13 5 87.553
13 6 29.666
13 7 60.917
13 8 40.724
13 9 1.968
13 10 12.211
13 11 32.659
13 12 24.119
14 0 39.806
14 1 47.766
14 2 63.305
14 3 33.974
14 4 58.431
14 5 72.316
14 6 21.034
14 7 86.881
14 8 24.495
14 9 1.969
14 10 55.777
14 11 78.469
14 12 7.232
14 13 30.59
15 0 73.458
15 1 74.666
15 2 88.61
15 3 96.853
15 4 91.175
15 5 47.635
15 6 45.493
15 7 29.738
15 8 76.354
15 9 71.849
15 10 2.148
15 11 11.706
15 12 24.154
15 13 20.666
15 14 59.136
16 0 76.251
16 1 78.325
16 2 50.139
16 3 56.408
16 4 33.945
16 5 37.876
16 6 82.613
16 7 65.707
16 8 38.783
16 9 72.928
16 10 85.738
16 11 28.66
16 12 73.073
16 13 71.469
16 14 16.371
16 15 39.382
17 0 34.696
17 1 62.227
17 2 52.663
17 3 75.672
17 4 72.126
17 5 38.543
17 6 72.752
17 7 47.923
17 8 14.846
17 9 51.048
17 10 41.706
17 11 82.464
17 12 11.184
17 13 73.472
17 14 96.99
17 15 12.277
17 16 30.648
18 0 14.952
18 1 59.702
18 2 97.422
18 3 37.63
18 4 86.284
18 5 57.432
18 6 59.754
18 7 33.565
18 8 9.606
18 9 75.415
18 10 81.434
18 11 91.928
18 12 49.428
18 13 12.432
18 14 71.684
18 15 76.001
18 16 38.509
18 17 55.195
19 0 32.164
19 1 75.968
19 2 78.64
19 3 24.091
19 4 13.601
19 5 17.25
19 6 85.048
19 7 1.117
19 8 76.357
19 9 70.271
19 10 64.756
19 11 30.081
19 12 92.977
19 13 81.746
19 14 98.125
19 15 4.429
19 16 93.612
19 17 33.02
19 18 54.789
20 0 77.108
20 1 38.766
20 2 14.543
20 3 34.34
20 4 88.314
20 5 69.732
20 6 77.727
20 7 67.192
20 8 30.699
20 9 8.891
20 10 29.89
20 11 53.112
20 12 82.293
20 13 81.291
20 14 40.899
20 15 18.233
20 16 65.573
20 17 99.826
20 18 86.261
20 19 81.341
21 0 49.464
21 1 56.334
21 2 59.164
21 3 22.051
21 4 85.835
21 5 99.318
21 6 27.609
21 7 71.889
21 8 59.823
21 9 94.196
21 10 74.929
21 11 34.96
21 12 44.188
21 13 91.919
21 14 36.994
21 15 81.07
21 16 67.134
21 17 34.145
21 18 58.263
21 19 53.915
21 20 42.466
22 0 33.316
22 1 61.363
22 2 84.587
22 3 54.535
22 4 95.596
22 5 64.252
22 6 67.153
22 7 37.651
22 8 33.494
22 9 92.149
22 10 50.763
22 11 29.482
22 12 6.556
22 13 95.139
22 14 49.63
22 15 80.291
22 16 53.223
22 17 28.31
22 18 89.634
22 19 65.457
22 20 57.99
22 21 6.509
23 0 53.627
23 1 28.524
23 2 68.702
23 3 98.045
23 4 81.479
23 5 40.462
23 6 91.962
23 7 15.265
23 8 10.749
23 9 31.021
23 10 15.179
23 11 17.155
23 12 95.444
23 13 73.767
23 14 17.953
23 15 47.909
23 16 35.794
23 17 87.19
23 18 82.103
23 19 51.53
23 20 66.397
23 21 71.855
23 22 44.417
24 0 47.67
24 1 20.582
24 2 90.92
24 3 97.207
24 4 35.544
24 5 96.939
24 6 39.198
24 7 43.005
24 8 92.937
24 9 75.099
24 10 45.288
24 11 62.032
24 12 7.927
24 13 65.634
24 14 32.516
24 15 93.029
24 16 13.196
24 17 41.898
24 18 86.198
24 19 62.357
24 20 92.492
24 21 85.612
24 22 60.21
24 23 19.752
