50
1 0 49.066
2 0 91.351
2 1 2.846
3 0 91.039
3 1 34.325
3 2 32.375
4 0 9.577
4 1 34.786
4 2 11.509
4 3 61.755
5 0 72.182
5 1 56.59
5 2 32.841
5 3 92.451
5 4 62.359
6 0 92.562
6 1 28.972
6 2 13.91
6 3 70.347
6 4 63.64
6 5 93.728
7 0 31.113
7 1 75.836
7 2 1.734
7 3 82.028
7 4 47.305
7 5 98.372
7 6 29.698
8 0 88.246
8 1 49.048
8 2 27.543
8 3 33.006
8 4 92.534
8 5 16.45
8 6 23.078
8 7 94.235
9 0 43.243
9 1 82.429
9 2 64.856
9 3 86.135
9 4 43.466
9 5 1.443
9 6 38.4
9 7 16.23
9 8 98.466
10 0 36.139
10 1 65.899
10 2 33.617
10 3 72.29
10 4 14.493
10 5 16.116
10 6 51.829
10 7 40.513
10 8 4.55
10 9 49.535
11 0 56.473
11 1 71.14
11 2 78.103
11 3 79.613
11 4 53.772
11 5 47.902
11 6 8.389
11 7 91.701
11 8 48.959
11 9 84.119
11 10 77.984
12 0 90.445
12 1 15.288
12 2 10.106
12 3 93.036
12 4 24.637
12 5 22.856
12 6 58.679
12 7 63.86
12 8 23.556
12 9 15.493
12 10 82.2
12 11 77.886
13 0 71.844
13 1 5.531
13 2 88.425
13 3 67.247
13 4 48.87
13 5 55.941
13 6 85.008
13 7 50.125
13 8 39.144
13 9 28.887
13 10 83.115
13 11 2.184
13 12 22.047
14 0 65.255
14 1 76.908
14 2 77.757
14 3 26.544
14 4 38.352
14 5 55.741
14 6 78.634
14 7 25.761
14 8 24.138
14 9 7.035
14 10 7.733
14 11 77.516
14 12 36.497
14 13 34.434
15 0 52.989
15 1 56.134
15 2 6.637
15 3 32.664
15 4 75.568
15 5 33.379
15 6 3.777
15 7 22.515
15 8 76.056
15 9 98.508
15 10 97.176
15 11 18.095
15 12 84.605
15 13 19.443
15 14 20.523
16 0 75.141
16 1 76.646
16 2 66.817
16 3 80.45
16 4 38.498
16 5 62.193
16 6 25.852
16 7 53.337
16 8 21.806
16 9 15.619
16 10 60.05
16 11 66.258
16 12 60.845
16 13 26.16
16 14 92.507
16 15 37.68
17 0 16.865
17 1 42.264
17 2 85.826
17 3 20.908
17 4 47.136
17 5 36.078
17 6 67.448
17 7 7.279
17 8 76.334
17 9 36.574
17 10 91.603
17 11 25.345
17 12 80.42
17 13 36.827
17 14 46.607
17 15 70.593
17 16 73.942
18 0 18.528
18 1 53.121
18 2 42.702
18 3 95.348
18 4 18.701
18 5 29.587
18 6 98.751
18 7 71.653
18 8 75.548
18 9 21.597
18 10 61.841
18 11 12.634
18 12 33.06
18 13 94.116
18 14 54.628
18 15 98.349
18 16 4.066
18 17 38.455
19 0 11.929
19 1 19.501
19 2 43.698
19 3 24.393
19 4 97.827
19 5 50.13
19 6 82.618
19 7 5.715
19 8 39.749
19 9 78.306
19 10 93.8
19 11 19.3
19 12 56.457
19 13 58.205
19 14 88.539
19 15 91.167
19 16 84.522
19 17 97.466
19 18 21.163
20 0 24.85
20 1 73.393
20 2 92.686
20 3 14.148
20 4 30.842
20 5 1.398
20 6 45.707
20 7 75.196
20 8 24.059
20 9 70.618
20 10 48.167
20 11 49.845
20 12 58.58
20 13 58.377
20 14 95.025
20 15 72.143
20 16 63.883
20 17 40.174
20 18 16.587
20 19 13.811
21 0 18.709
21 1 43.203
21 2 8.471
21 3 53.226
21 4 27.895
21 5 9.756
21 6 91.204
21 7 66.257
21 8 79.225
21 9 81.425
21 10 58.857
21 11 10.944
21 12 67.582
21 13 82.207
21 14 54.835
21 15 53.998
21 16 73.705
21 17 77.942
21 18 60.457
21 19 46.734
21 20 59.033
22 0 83.517
22 1 54.581
22 2 85.1
22 3 89.935
22 4 74.875
22 5 17.247
22 6 75.902
22 7 35.673
22 8 49.39
22 9 59.138
22 10 86.934
22 11 99.882
22 12 2.801
22 13 79.34
22 14 18.642
22 15 42.375
22 16 58.417
22 17 88.737
22 18 52.32
22 19 51.052
22 20 96.281
22 21 43.757
23 0 89.706
23 1 13.292
23 2 74.743
23 3 1.441
23 4 32.139
23 5 41.091
23 6 44.15
23 7 8.796
23 8 98.314
23 9 79.641
23 10 41.616
23 11 49.675
23 12 29.028
23 13 57.321
23 14 13.956
23 15 50.473
23 16 3.017
23 17 6.9
23 18 65.167
23 19 33.078
23 20 1.699
23 21 65.273
23 22 6.426
24 0 32.071
24 1 11.401
24 2 93.823
24 3 44.488
24 4 16.565
24 5 71.596
24 6 2.505
24 7 84.819
24 8 12.614
24 9 80.796
24 10 1.907
24 11 48.941
24 12 19.823
24 13 80.352
24 14 90.094
24 15 73.265
24 16 35.683
24 17 36.392
24 18 91.317
24 19 29.096
24 20 42.67
24 21 99.763
24 22 41.176
24 23 96.778
25 0 89.969
25 1 55.02
25 2 14.536
25 3 27.876
25 4 40.458
25 5 88.617
25 6 1.515
25 7 5.475
25 8 80.21
25 9 6.098
25 10 71.546
25 11 34.399
25 12 21.832
25 13 6.956
25 14 12.182
25 15 45.566
25 16 5.292
25 17 12.563
25 18 45.951
25 19 67.477
25 20 7.424
25 21 1.451
25 22 25.943
25 23 8.457
25 24 14.442
26 0 20.062
26 1 58.621
26 2 19.579
26 3 98.946
26 4 37.64
26 5 83.718
26 6 96.385
26 7 86.912
26 8 63.819
26 9 34.231
26 10 10.141
26 11 18.213
26 12 86.047
26 13 11.693
26 14 68.813
26 15 21.343
26 16 29.184
26 17 46.187
26 18 22.706
26 19 31.114
26 20 37.981
26 21 86.506
26 22 57.922
26 23 9.324
26 24 85.881
26 25 72.525
27 0 17.898
27 1 41.872
27 2 90.313
27 3 25.266
27 4 61.514
27 5 9.184
27 6 8.486
27 7 63.094
27 8 74.964
27 9 98.123
27 10 16.936
27 11 55.088
27 12 92.034
27 13 14.499
27 14 32.331
27 15 4.273
27 16 66.584
27 17 87.138
27 18 75.289
27 19 96.16
27 20 33.031
27 21 24.728
27 22 5.549
27 23 52.025
27 24 98.048
27 25 79.339
27 26 9.263
28 0 46.259
28 1 86.37
28 2 5.493
28 3 50.833
28 4 70.307
28 5 70.097
28 6 58.612
28 7 87.717
28 8 51.911
28 9 18.87
28 10 57.068
28 11 70.373
28 12 51.566
28 13 64.54
28 14 61.136
28 15 71.689
28 16 60.174
28 17 72.135
28 18 48.595
28 19 34.338
28 20 57.426
28 21 75.378
28 22 65.117
28 23 57.1
28 24 97.687
28 25 22.24
28 26 50.201
28 27 70.396
29 0 35.248
29 1 86.458
29 2 17.384
29 3 62.357
29 4 56.559
29 5 49.866
29 6 90.134
29 7 94.351
29 8 72.911
29 9 98.718
29 10 76.637
29 11 8.057
29 12 58.88
29 13 19.601
29 14 24.944
29 15 31.854
29 16 94.675
29 17 20.477
29 18 53.277
29 19 7.9
29 20 59.364
29 21 22.834
29 22 16.132
29 23 5.838
29 24 74.465
29 25 20.704
29 26 38.373
29 27 68.719
29 28 83.309
30 0 36.825
30 1 42.795
30 2 43.533
30 3 73.132
30 4 60.269
30 5 16.306
30 6 87.006
30 7 24.47
30 8 11.603
30 9 80.849
30 10 86.204
30 11 69.126
30 12 54.232
30 13 85.35
30 14 20.899
30 15 17.222
30 16 99.533
30 17 18.823
30 18 27.757
30 19 45.809
30 20 56.926
30 21 8.181
30 22 80.317
30 23 92.426
30 24 36.64
30 25 55.46
30 26 42.633
30 27 70.36
30 28 45.347
30 29 53.904
31 0 23.912
31 1 34.646
31 2 74.554
31 3 47.324
31 4 36.984
31 5 78.436
31 6 29.7
31 7 91.058
31 8 73.125
31 9 84.045
31 10 49.368
31 11 7.341
31 12 42.115
31 13 13.641
31 14 94.016
31 15 20.391
31 16 13.663
31 17 75.688
31 18 3.914
31 19 58.964
31 20 28.431
31 21 88.989
31 22 1.222
31 23 69.05
31 24 13.277
31 25 47.877
31 26 89.902
31 27 72.263
31 28 22.479
31 29 18.06
31 30 78.361
32 0 31.461
32 1 65.489
32 2 66.073
32 3 31.929
32 4 46.447
32 5 11.492
32 6 99.578
32 7 98.109
32 8 61.644
32 9 47.442
32 10 70.868
32 11 7.592
32 12 62.494
32 13 62.474
32 14 49.405
32 15 18.41
32 16 18.827
32 17 34.353
32 18 3.009
32 19 50.575
32 20 94.36
32 21 93.428
32 22 48.684
32 23 55.155
32 24 97.134
32 25 98.508
32 26 23.917
32 27 41.822
32 28 63.872
32 29 85.137
32 30 53.465
32 31 98.079
33 0 55.009
33 1 16.461
33 2 53.016
33 3 86.554
33 4 96.593
33 5 24.866
33 6 53.779
33 7 17.574
33 8 55.667
33 9 96.002
33 10 64.824
33 11 58.849
33 12 46.926
33 13 64.505
33 14 32.575
33 15 39.128
33 16 99.434
33 17 14.063
33 18 86.981
33 19 54.575
33 20 31.874
33 21 27.417
33 22 99.302
33 23 82.858
33 24 50.304
33 25 98.542
33 26 94.992
33 27 9.98
33 28 80.503
33 29 49.129
33 30 1.324
33 31 54.011
33 32 79.404
34 0 18.15
34 1 91.581
34 2 77.772
34 3 86.321
34 4 29.818
34 5 60.742
34 6 48.744
34 7 9.233
34 8 4.587
34 9 4.745
34 10 96.041
34 11 85.976
34 12 98.766
34 13 15.724
34 14 11.71
34 15 70.613
34 16 11.87
34 17 69.291
34 18 89.732
34 19 89.008
34 20 13.711
34 21 45.468
34 22 72.951
34 23 2.585
34 24 37.754
34 25 21.209
34 26 66.916
34 27 49.052
34 28 19.61
34 29 80.696
34 30 58.361
34 31 60.822
34 32 1.341
34 33 1.731
35 0 62.772
35 1 6.837
35 2 80.786
35 3 83.677
35 4 11.316
35 5 55.424
35 6 68.277
35 7 75.728
35 8 88.498
35 9 22.691
35 10 13.708
35 11 79.054
35 12 72.058
35 13 27.603
35 14 31.678
35 15 24.824
35 16 21.248
35 17 61.306
35 18 62.777
35 19 31.03
35 20 35.291
35 21 7.846
35 22 30.533
35 23 43.957
35 24 75.946
35 25 91.963
35 26 82.333
35 27 90.064
35 28 90.564
35 29 90.797
35 30 75.54
35 31 15.622
35 32 25.944
35 33 83.299
35 34 11.895
36 0 84.716
36 1 9.765
36 2 17.551
36 3 31.631
36 4 13.446
36 5 38.386
36 6 37.784
36 7 94.478
36 8 1.175
36 9 21.038
36 10 96.554
36 11 47.462
36 12 1.097
36 13 20.744
36 14 82.775
36 15 86.877
36 16 74.92
36 17 16.871
36 18 2.357
36 19 63.7
36 20 22.122
36 21 62.588
36 22 39.292
36 23 43.523
36 24 60.264
36 25 25.713
36 26 16.084
36 27 27.827
36 28 61.518
36 29 59.615
36 30 69.605
36 31 51.487
36 32 30.974
36 33 35.424
36 34 65.205
36 35 38.482
37 0 27.933
37 1 60.6
37 2 25.777
37 3 15.644
37 4 34.487
37 5 39.229
37 6 61.736
37 7 5.496
37 8 63.92
37 9 13.906
37 10 19.094
37 11 93.718
37 12 13.061
37 13 63.238
37 14 87.708
37 15 48.874
37 16 69.586
37 17 81.441
37 18 91.39
37 19 77.332
37 20 98.11
37 21 51.487
37 22 10.381
37 23 11.568
37 24 67.781
37 25 4.083
37 26 3.947
37 27 6.668
37 28 95.239
37 29 9.847
37 30 31.628
37 31 41.435
37 32 4.924
37 33 70.493
37 34 72.138
37 35 14.597
37 36 16.328
38 0 32.255
38 1 43.126
38 2 40.157
38 3 15.999
38 4 86.798
38 5 8.466
38 6 81.217
38 7 61.405
38 8 27.946
38 9 28.665
38 10 40.001
38 11 98.726
38 12 59.109
38 13 23.668
38 14 27.494
38 15 42.058
38 16 87.85
38 17 44.324
38 18 83.492
38 19 59.368
38 20 68.941
38 21 23.268
38 22 98.081
38 23 60.546
38 24 98.526
38 25 68.442
38 26 78.181
38 27 7.59
38 28 22.826
38 29 80.941
38 30 87.271
38 31 1.458
38 32 87.682
38 33 42.56
38 34 95.276
38 35 37.832
38 36 23.107
38 37 48.966
39 0 72.067
39 1 33.019
39 2 95.931
39 3 82.927
39 4 95.072
39 5 25.476
39 6 68.242
39 7 24.397
39 8 13.903
39 9 72.599
39 10 23.716
39 11 99.731
39 12 64.084
39 13 13.355
39 14 47.565
39 15 34.048
39 16 88.958
39 17 28.025
39 18 46.836
39 19 36.821
39 20 33.928
39 21 18.21
39 22 33.62
39 23 83.423
39 24 45.551
39 25 75.924
39 26 99.985
39 27 48.238
39 28 7.414
39 29 50.497
39 30 97.839
39 31 29.453
39 32 3.221
39 33 27.611
39 34 26.172
39 35 13.145
39 36 14.361
39 37 13.898
39 38 18.079
40 0 6.486
40 1 18.779
40 2 16.835
40 3 19.041
40 4 5.378
40 5 73.923
40 6 60.289
40 7 8.466
40 8 33.16
40 9 27.037
40 10 75.852
40 11 39.163
40 12 45.547
40 13 52.462
40 14 87.077
40 15 32.996
40 16 61.95
40 17 78.438
40 18 57.702
40 19 37.843
40 20 38.556
40 21 24.71
40 22 53.089
40 23 5.572
40 24 84.384
40 25 2.699
40 26 6.534
40 27 42.239
40 28 59.21
40 29 22.13
40 30 97.305
40 31 9.818
40 32 13.684
40 33 18.021
40 34 15.392
40 35 17.222
40 36 33.93
40 37 80.464
40 38 24.562
40 39 2.864
41 0 88.543
41 1 89.924
41 2 71.026
41 3 32.409
41 4 96.324
41 5 94.699
41 6 37.369
41 7 52.409
41 8 22.55
41 9 99.46
41 10 32.786
41 11 67.925
41 12 13.879
41 13 77.646
41 14 97.801
41 15 43.152
41 16 6.729
41 17 41.642
41 18 48.438
41 19 86.622
41 20 54.614
41 21 13.79
41 22 62.95
41 23 45.907
41 24 86.937
41 25 31.748
41 26 75.897
41 27 5.423
41 28 93.009
41 29 93.136
41 30 96.955
41 31 56.898
41 32 96.927
41 33 13.523
41 34 69.327
41 35 37.755
41 36 51.353
41 37 75.12
41 38 93.486
41 39 35.944
41 40 52.298
42 0 50.894
42 1 16.467
42 2 92.941
42 3 92.18
42 4 68.564
42 5 74.836
42 6 11.947
42 7 84.766
42 8 59.44
42 9 79.54
42 10 16.745
42 11 36.898
42 12 35.087
42 13 84.501
42 14 51.209
42 15 77.072
42 16 31.861
42 17 64.388
42 18 81.042
42 19 9.522
42 20 9.168
42 21 43.42
42 22 45.254
42 23 28.429
42 24 78.53
42 25 17.179
42 26 49.249
42 27 11.952
42 28 4.921
42 29 81.233
42 30 91.543
42 31 91.344
42 32 14.738
42 33 82.187
42 34 62.843
42 35 47.253
42 36 81.233
42 37 38.845
42 38 75.57
42 39 59.539
42 40 51.142
42 41 52.84
43 0 47.637
43 1 65.251
43 2 91.397
43 3 87.441
43 4 4.08
43 5 2.933
43 6 71.313
43 7 64.065
43 8 14.178
43 9 62.875
43 10 23.727
43 11 21.043
43 12 91.06
43 13 60.725
43 14 81.939
43 15 58.747
43 16 21.901
43 17 90.812
43 18 52.836
43 19 70.122
43 20 8.202
43 21 74.094
43 22 91.395
43 23 49.734
43 24 89.144
43 25 19.141
43 26 81.336
43 27 7.103
43 28 29.689
43 29 43.709
43 30 46.774
43 31 91.149
43 32 35.957
43 33 96.502
43 34 70.658
43 35 67.667
43 36 80.565
43 37 88.481
43 38 82.094
43 39 6.766
43 40 73.583
43 41 62.241
43 42 44.494
44 0 23.888
44 1 29.425
44 2 60.663
44 3 12.977
44 4 61.792
44 5 11.402
44 6 79.36
44 7 83.137
44 8 86.232
44 9 84.368
44 10 6.539
44 11 45.303
44 12 50.1
44 13 23.061
44 14 81.286
44 15 1.589
44 16 68.215
44 17 74.335
44 18 55.127
44 19 20.852
44 20 42.234
44 21 10.628
44 22 67.604
44 23 34.901
44 24 20.22
44 25 57.687
44 26 75.99
44 27 20.978
44 28 95.318
44 29 79.337
44 30 74.566
44 31 19.826
44 32 44.055
44 33 52.183
44 34 24.09
44 35 17.402
44 36 24.715
44 37 55.13
44 38 62.132
44 39 86.222
44 40 96.308
44 41 43.055
44 42 21.949
44 43 15.007
45 0 17.187
45 1 14.933
45 2 32.399
45 3 33.355
45 4 45.824
45 5 45.682
45 6 87.433
45 7 54.35
45 8 67.84
45 9 51.229
45 10 40.765
45 11 84.528
45 12 61.159
45 13 61.253
45 14 3.439
45 15 85.294
45 16 69.907
45 17 69.586
45 18 68.591
45 19 81.939
45 20 35.125
45 21 41.786
45 22 26.307
45 23 22.697
45 24 57.394
45 25 31.212
45 26 24.248
45 27 61.943
45 28 94.914
45 29 89.802
45 30 22.007
45 31 95.703
45 32 78.6
45 33 90.71
45 34 67.59
45 35 87.082
45 36 77.68
45 37 85.637
45 38 26.624
45 39 62.555
45 40 59.558
45 41 90.051
45 42 32.299
45 43 8.876
45 44 61.713
46 0 71.908
46 1 1.751
46 2 26.788
46 3 25.934
46 4 32.202
46 5 17.166
46 6 96.071
46 7 27.969
46 8 67.003
46 9 88.997
46 10 39.452
46 11 15.85
46 12 41.058
46 13 80.489
46 14 35.776
46 15 93.608
46 16 66.869
46 17 71.29
46 18 95.369
46 19 99.27
46 20 79.6
46 21 24.833
46 22 36.881
46 23 77.065
46 24 72.093
46 25 85.34
46 26 83.503
46 27 10.597
46 28 71.139
46 29 63.269
46 30 7.199
46 31 68.451
46 32 9.116
46 33 18.132
46 34 50.008
46 35 52.612
46 36 90.289
46 37 35.359
46 38 91.444
46 39 34.73
46 40 54.591
46 41 27.103
46 42 77.491
46 43 52.737
46 44 19.094
46 45 53.111
47 0 45.935
47 1 68.455
47 2 61.109
47 3 11.582
47 4 89.088
47 5 84.834
47 6 60.588
47 7 15.528
47 8 88.672
47 9 97.702
47 10 22.283
47 11 43.775
47 12 57.298
47 13 45.893
47 14 55.014
47 15 87.218
47 16 16.883
47 17 14.333
47 18 10.846
47 19 2.321
47 20 11.072
47 21 15.331
47 22 13.352
47 23 20.147
47 24 94.062
47 25 15.179
47 26 43.05
47 27 17.206
47 28 84.871
47 29 64.233
47 30 62.637
47 31 6.45
47 32 67.104
47 33 25.016
47 34 45.693
47 35 13.381
47 36 28.288
47 37 11.61
47 38 9.518
47 39 91.408
47 40 76.915
47 41 94.677
47 42 24.424
47 43 67.638
47 44 89.415
47 45 38.823
47 46 51.346
48 0 27.719
48 1 37.21
48 2 66.201
48 3 99.061
48 4 45.997
48 5 55.895
48 6 56.237
48 7 71.453
48 8 33.337
48 9 65.234
48 10 29.716
48 11 59.523
48 12 33.015
48 13 39.257
48 14 15.631
48 15 68.829
48 16 31.181
48 17 42.281
48 18 86.095
48 19 94.959
48 20 84.672
48 21 40.774
48 22 53.926
48 23 54.241
48 24 62.917
48 25 26.905
48 26 78.573
48 27 8.493
48 28 68.009
48 29 91.994
48 30 25.692
48 31 59.972
48 32 38.812
48 33 57.051
48 34 9.103
48 35 60.689
48 36 55.93
48 37 74.353
48 38 87.5
48 39 42.036
48 40 23.608
48 41 37.948
48 42 37.096
48 43 56.395
48 44 78.133
48 45 36.23
48 46 20.372
48 47 27.318
49 0 97.114
49 1 9.447
49 2 31.23
49 3 35.011
49 4 12.715
49 5 75.634
49 6 3.026
49 7 89.081
49 8 42.139
49 9 91.202
49 10 54.32
49 11 36.848
49 12 43.097
49 13 29.204
49 14 57.809
49 15 83.964
49 16 95.639
49 17 41.258
49 18 54.015
49 19 98.678
49 20 11.733
49 21 38.678
49 22 1.121
49 23 74.871
49 24 12.551
49 25 75.764
49 26 65.049
49 27 61.721
49 28 70.16
49 29 15.094
49 30 98.983
49 31 23.988
49 32 95.297
49 33 43.355
49 34 14.662
49 35 91.057
49 36 99.972
49 37 66.509
49 38 60.968
49 39 94.552
49 40 54.036
49 41 60.162
49 42 13.163
49 43 69.202
49 44 13.482
49 45 15.219
49 46 59.121
49 47 78.238
49 48 89.553
